step,value
4096,63.448970794677734
8192,47.333038330078125
12288,51.637962341308594
16384,35.05902862548828
20480,90.50360107421875
24576,79.31544494628906
28672,105.43128967285156
32768,100.39491271972656
36864,53.01715087890625
40960,46.43321228027344
45056,68.96395874023438
49152,51.637393951416016
53248,48.92634963989258
57344,84.14202117919922
61440,46.29967498779297
65536,64.62583923339844
69632,34.219276428222656
73728,96.14433288574219
77824,76.90716552734375
81920,129.4198760986328
86016,39.0833740234375
90112,33.381248474121094
94208,56.09722900390625
98304,43.759864807128906
102400,54.92658233642578
106496,42.50117492675781
110592,98.62599182128906
114688,69.15217590332031
118784,132.96910095214844
122880,138.31619262695312
126976,48.57333755493164
131072,159.42807006835938
135168,44.338470458984375
139264,42.44114685058594
143360,44.408241271972656
147456,148.8915557861328
151552,55.64633560180664
155648,41.77186584472656
159744,85.83038330078125
163840,125.23596954345703
167936,52.992286682128906
172032,116.81311798095703
176128,57.314022064208984
180224,146.5956573486328
184320,83.31928253173828
188416,73.8401107788086
192512,97.46331024169922
196608,216.007080078125
200704,35.715423583984375
204800,111.507080078125
208896,94.69340515136719
212992,58.0220832824707
217088,47.966617584228516
221184,83.74253845214844
225280,48.585548400878906
229376,72.40676879882812
233472,56.317901611328125
237568,68.40681457519531
241664,69.88935852050781
245760,82.7657699584961
249856,60.295753479003906
253952,98.99821472167969
258048,131.34170532226562
262144,66.80858612060547
266240,93.37741088867188
270336,59.16575622558594
274432,107.43777465820312
278528,94.89875030517578
282624,145.50782775878906
286720,88.82452392578125
290816,169.4580535888672
294912,73.86375427246094
299008,76.3595199584961
303104,95.78071594238281
307200,89.70878601074219
311296,56.006439208984375
315392,62.115196228027344
319488,135.4470977783203
323584,113.43220520019531
327680,117.20195007324219
331776,64.50688934326172
335872,57.72722625732422
339968,56.459774017333984
344064,103.45199584960938
348160,106.89761352539062
352256,189.3472442626953
356352,64.51107025146484
360448,55.96849822998047
364544,74.12066650390625
368640,111.23788452148438
372736,58.119407653808594
376832,84.944580078125
380928,152.4296875
385024,125.2949447631836
389120,117.77430725097656
393216,113.34234619140625
397312,66.21261596679688
401408,62.61170959472656
405504,45.53364944458008
409600,59.51021957397461
413696,76.87462615966797
417792,114.63153839111328
421888,79.92414855957031
425984,75.01104736328125
430080,70.46727752685547
434176,66.89979553222656
438272,118.52658081054688
442368,110.20635223388672
446464,126.44575500488281
450560,171.75733947753906
454656,88.20637512207031
458752,205.32064819335938
462848,95.03343200683594
466944,102.19609069824219
471040,117.06958770751953
475136,150.68756103515625
479232,136.25433349609375
483328,129.48886108398438
487424,189.60548400878906
491520,64.51461029052734
495616,95.46208190917969
499712,139.989990234375
503808,211.84307861328125
507904,81.6015396118164
512000,198.74571228027344
516096,75.39374542236328
520192,75.05612182617188
524288,203.76956176757812
528384,146.97305297851562
532480,177.44134521484375
536576,101.62602233886719
540672,142.24237060546875
544768,150.6236572265625
548864,68.61265563964844
552960,200.1873321533203
557056,101.64945220947266
561152,233.164794921875
565248,93.63172912597656
569344,171.24400329589844
573440,154.85784912109375
577536,89.75592803955078
581632,125.23295593261719
585728,120.49883270263672
589824,113.81035614013672
593920,146.9015350341797
598016,149.0501708984375
602112,196.82620239257812
606208,203.37762451171875
610304,146.07437133789062
614400,266.8494873046875
618496,144.2251434326172
622592,184.58021545410156
626688,153.080322265625
630784,98.76426696777344
634880,199.92703247070312
638976,172.1902313232422
643072,126.9324951171875
647168,121.04967498779297
651264,196.98135375976562
655360,176.82241821289062
659456,132.4081573486328
663552,140.59237670898438
667648,124.0946044921875
671744,209.721435546875
675840,105.20018768310547
679936,157.14239501953125
684032,192.00222778320312
688128,205.7127685546875
692224,149.3436279296875
696320,177.9871826171875
700416,177.58094787597656
704512,144.27862548828125
708608,186.19253540039062
712704,183.60841369628906
716800,158.7250518798828
720896,196.00888061523438
724992,167.72308349609375
729088,151.28538513183594
733184,177.41702270507812
737280,183.33062744140625
741376,184.17172241210938
745472,150.64126586914062
749568,155.96742248535156
753664,209.7530975341797
757760,251.12814331054688
761856,244.3020477294922
765952,200.35809326171875
770048,336.58941650390625
774144,299.2568359375
778240,284.0343017578125
782336,250.6732635498047
786432,243.1483154296875
790528,226.59388732910156
794624,257.68798828125
798720,170.71347045898438
802816,250.10711669921875
806912,230.43368530273438
811008,199.17913818359375
815104,196.94818115234375
819200,222.8543243408203
823296,206.90830993652344
827392,161.505859375
831488,363.0424499511719
835584,299.4597473144531
839680,403.91168212890625
843776,248.635498046875
847872,250.81129455566406
851968,283.6055908203125
856064,308.7362060546875
860160,180.99765014648438
864256,171.1917724609375
868352,438.5929260253906
872448,353.3685607910156
876544,231.866455078125
880640,283.2269592285156
884736,240.40866088867188
888832,395.01519775390625
892928,300.0411376953125
897024,331.8201904296875
901120,324.2259521484375
905216,288.4966735839844
909312,282.495361328125
913408,349.91033935546875
917504,361.9781494140625
921600,380.2431640625
925696,450.4778747558594
929792,332.32470703125
933888,225.48318481445312
937984,266.23699951171875
942080,284.5731201171875
946176,372.95513916015625
950272,475.7887268066406
954368,393.7344970703125
958464,348.21270751953125
962560,395.80322265625
966656,400.6891784667969
970752,486.56756591796875
974848,303.74542236328125
978944,345.6652526855469
983040,363.803466796875
987136,375.697509765625
991232,417.0436096191406
995328,291.36639404296875
999424,405.671142578125
1003520,373.357666015625
1007616,401.2464294433594
1011712,491.51629638671875
1015808,377.46685791015625
1019904,499.676513671875
1024000,535.872314453125
1028096,345.40679931640625
1032192,248.7095947265625
1036288,547.4286499023438
1040384,445.842041015625
1044480,488.81097412109375
1048576,419.6199035644531
1052672,509.1572265625
1056768,398.7911376953125
1060864,371.33441162109375
1064960,416.1593933105469
1069056,459.63446044921875
1073152,449.8218688964844
1077248,463.7625427246094
1081344,555.298095703125
1085440,426.66119384765625
1089536,424.36285400390625
1093632,444.0788879394531
1097728,420.3155822753906
1101824,692.8707275390625
1105920,326.8565368652344
1110016,413.95928955078125
1114112,451.5390625
1118208,590.124267578125
1122304,462.30963134765625
1126400,467.659912109375
1130496,527.3931884765625
1134592,465.44586181640625
1138688,534.3863525390625
1142784,514.830078125
1146880,345.3238220214844
1150976,548.4334716796875
1155072,448.4527587890625
1159168,436.32464599609375
1163264,409.463134765625
1167360,399.67767333984375
1171456,537.4717407226562
1175552,434.58551025390625
1179648,518.2916259765625
1183744,547.5086059570312
1187840,489.0142517089844
1191936,396.8363952636719
1196032,462.8494873046875
1200128,391.3245849609375
1204224,495.50970458984375
1208320,422.76300048828125
1212416,470.2767333984375
1216512,467.6960754394531
1220608,423.01165771484375
1224704,420.36212158203125
1228800,483.5391845703125
1232896,458.36932373046875
1236992,507.90118408203125
1241088,500.7329406738281
1245184,573.90087890625
1249280,584.5172119140625
1253376,448.1836242675781
1257472,500.5694274902344
1261568,506.3691101074219
1265664,553.7066040039062
1269760,449.4779052734375
1273856,486.2071228027344
1277952,520.825927734375
1282048,469.3701477050781
1286144,429.1337890625
1290240,469.14080810546875
1294336,503.1726989746094
1298432,477.3607177734375
1302528,484.4212341308594
1306624,516.67431640625
1310720,547.01904296875
1314816,503.77728271484375
1318912,545.7587280273438
1323008,584.407470703125
1327104,454.61126708984375
1331200,385.2648620605469
1335296,557.93994140625
1339392,507.290771484375
1343488,566.5532836914062
1347584,415.05767822265625
1351680,391.0620422363281
1355776,552.5789794921875
1359872,458.2410583496094
1363968,517.03515625
1368064,499.39569091796875
1372160,503.6840515136719
1376256,504.7464599609375
1380352,507.6134033203125
1384448,545.3953247070312
1388544,489.3273010253906
1392640,458.2661437988281
1396736,779.7500610351562
1400832,578.8861083984375
1404928,538.5623779296875
1409024,492.8961181640625
1413120,612.10009765625
1417216,587.564453125
1421312,489.1416320800781
1425408,791.566162109375
1429504,472.2685546875
1433600,497.214599609375
1437696,544.9805908203125
1441792,532.9463500976562
1445888,428.8330383300781
1449984,457.72369384765625
1454080,620.8548583984375
1458176,521.544921875
1462272,629.13037109375
1466368,797.2681274414062
1470464,512.337890625
1474560,527.48583984375
1478656,496.1698913574219
1482752,745.0037231445312
1486848,801.7738647460938
1490944,640.42333984375
1495040,670.2288208007812
1499136,492.3931884765625
1503232,713.178466796875
1507328,554.236328125
1511424,601.7964477539062
1515520,785.4782104492188
1519616,645.1884765625
1523712,728.2040405273438
1527808,663.58642578125
1531904,617.701171875
1536000,670.6123046875
1540096,599.6314697265625
1544192,722.9620361328125
1548288,608.0227661132812
1552384,334.7071533203125
1556480,627.2940673828125
1560576,765.869140625
1564672,612.39208984375
1568768,888.1402587890625
1572864,761.7750244140625
1576960,710.2677001953125
1581056,879.3568115234375
1585152,807.7291870117188
1589248,926.2202758789062
1593344,578.8724975585938
1597440,705.2345581054688
1601536,624.880615234375
1605632,631.7119140625
1609728,865.28662109375
1613824,919.8277587890625
1617920,844.1871337890625
1622016,929.43408203125
1626112,983.3369750976562
1630208,578.641357421875
1634304,736.4386596679688
1638400,875.697021484375
1642496,775.9310302734375
1646592,676.6663818359375
1650688,835.7843017578125
1654784,631.101806640625
1658880,726.0431518554688
1662976,1025.43359375
1667072,948.5071411132812
1671168,783.8748779296875
1675264,794.8822021484375
1679360,705.0490112304688
1683456,902.156005859375
1687552,762.83837890625
1691648,931.8292236328125
1695744,906.0931396484375
1699840,613.3206787109375
1703936,819.414306640625
1708032,961.04833984375
1712128,951.2061767578125
1716224,986.6060791015625
1720320,1061.9493408203125
1724416,830.5778198242188
1728512,920.2392578125
1732608,1018.6555786132812
1736704,1014.7626953125
1740800,906.4630126953125
1744896,826.3479614257812
1748992,1003.8019409179688
1753088,986.089599609375
1757184,969.5264282226562
1761280,1090.80322265625
1765376,917.8223876953125
1769472,1202.512451171875
1773568,1247.62353515625
1777664,1057.39453125
1781760,1221.8626708984375
1785856,880.4030151367188
1789952,993.097412109375
1794048,911.5428466796875
1798144,990.2013549804688
1802240,1124.04150390625
1806336,1175.205322265625
1810432,812.7429809570312
1814528,1225.8841552734375
1818624,922.1317138671875
1822720,1291.03271484375
1826816,1295.7705078125
1830912,1204.13671875
1835008,1221.961669921875
1839104,1168.6951904296875
1843200,986.39892578125
1847296,807.0280151367188
1851392,1222.27685546875
1855488,1077.9373779296875
1859584,1161.37255859375
1863680,1003.685546875
1867776,1095.99609375
1871872,926.279541015625
1875968,1167.188232421875
1880064,1390.730224609375
1884160,979.8826904296875
1888256,1254.0108642578125
1892352,853.2142333984375
1896448,1165.382568359375
1900544,1114.458740234375
1904640,1043.595458984375
1908736,1025.5146484375
1912832,1175.6624755859375
1916928,1093.0078125
1921024,1094.123779296875
1925120,1190.121826171875
1929216,958.9920043945312
1933312,1062.85009765625
1937408,1278.0892333984375
1941504,1011.7401733398438
1945600,967.2703247070312
1949696,969.7999877929688
1953792,1054.80859375
1957888,898.3489990234375
1961984,942.7764282226562
1966080,934.7027587890625
1970176,935.1317138671875
1974272,968.28466796875
1978368,1101.235595703125
1982464,850.050048828125
1986560,1017.1298828125
1990656,958.9199829101562
1994752,951.31982421875
1998848,990.3201904296875
2002944,1025.4508056640625
2007040,967.7608032226562
2011136,1004.119384765625
2015232,960.9519653320312
2019328,948.0792236328125
2023424,1115.0732421875
2027520,954.6259765625
2031616,885.572265625
2035712,886.81982421875
2039808,966.0125122070312
2043904,1056.5294189453125
2048000,1070.245361328125
2052096,929.6796264648438
2056192,969.2672119140625
2060288,903.9832763671875
2064384,879.3842163085938
2068480,929.8291625976562
2072576,830.3187255859375
2076672,957.1268310546875
2080768,961.3509521484375
2084864,931.581787109375
2088960,1079.365966796875
2093056,887.1534423828125
2097152,822.365478515625
2101248,949.1455688476562
2105344,937.6280517578125
2109440,849.299560546875
2113536,987.913818359375
2117632,780.722412109375
2121728,1011.765625
2125824,840.6401977539062
2129920,865.72265625
2134016,730.8524169921875
2138112,905.008056640625
2142208,835.35986328125
2146304,820.643798828125
2150400,850.8448486328125
2154496,852.6114501953125
2158592,977.8881225585938
2162688,741.4655151367188
2166784,907.95361328125
2170880,935.0963134765625
2174976,803.9190063476562
2179072,828.7646484375
2183168,619.4330444335938
2187264,750.7532958984375
2191360,966.2843017578125
2195456,815.2459716796875
2199552,1067.495849609375
2203648,825.9714965820312
2207744,1081.216552734375
2211840,853.6893920898438
2215936,859.5274047851562
2220032,899.238037109375
2224128,880.7761840820312
2228224,844.948486328125
2232320,939.91552734375
2236416,855.56689453125
2240512,804.2361450195312
2244608,777.242431640625
2248704,794.836181640625
2252800,923.7693481445312
2256896,899.0983276367188
2260992,803.7173461914062
2265088,735.4463500976562
2269184,712.2793579101562
2273280,866.2310791015625
2277376,789.2833251953125
2281472,727.0025634765625
2285568,724.0677490234375
2289664,737.2685546875
2293760,822.96875
2297856,793.763427734375
2301952,781.9196166992188
2306048,861.8516235351562
2310144,727.9251708984375
2314240,821.3924560546875
2318336,745.44140625
2322432,666.7574462890625
2326528,873.5994262695312
2330624,719.3556518554688
2334720,812.4189453125
2338816,743.5338134765625
2342912,976.0647583007812
2347008,697.795166015625
2351104,764.6361083984375
2355200,818.6455078125
2359296,844.166748046875
2363392,695.8905029296875
2367488,979.48583984375
2371584,763.959716796875
2375680,737.36767578125
2379776,779.6572265625
2383872,710.4798583984375
2387968,875.5137939453125
2392064,742.5281982421875
2396160,748.5357666015625
2400256,678.7603759765625
2404352,709.7940063476562
2408448,750.0423583984375
2412544,895.2092895507812
2416640,649.9056396484375
2420736,690.3347778320312
2424832,754.9688720703125
2428928,681.6573486328125
2433024,658.6595458984375
2437120,755.8631591796875
2441216,694.9164428710938
2445312,659.173583984375
2449408,768.6142578125
2453504,693.4993286132812
2457600,777.4935913085938
2461696,798.2069091796875
2465792,771.622802734375
2469888,676.884033203125
2473984,618.3843383789062
2478080,711.8001708984375
2482176,630.6117553710938
2486272,657.2469482421875
2490368,677.674072265625
2494464,909.7311401367188
2498560,658.1289672851562
2502656,664.971923828125
2506752,679.529052734375
2510848,569.4778442382812
2514944,637.752197265625
2519040,677.9053955078125
2523136,682.8975830078125
2527232,687.1029663085938
2531328,605.764892578125
2535424,668.5349731445312
2539520,623.514892578125
2543616,631.152587890625
2547712,780.7606201171875
2551808,659.117431640625
2555904,636.4255981445312
2560000,589.0155639648438
2564096,521.127197265625
2568192,695.910400390625
2572288,609.593505859375
2576384,620.1754150390625
2580480,656.8715209960938
2584576,714.0964965820312
2588672,640.2327880859375
2592768,688.7877197265625
2596864,570.4788208007812
2600960,606.2078247070312
2605056,645.561767578125
2609152,602.5958251953125
2613248,580.5142822265625
2617344,667.569091796875
2621440,623.9597778320312
2625536,610.2623291015625
2629632,607.339599609375
2633728,660.3160400390625
2637824,543.7246704101562
2641920,561.802490234375
2646016,596.09716796875
2650112,629.1250610351562
2654208,507.2402648925781
2658304,767.7191772460938
2662400,570.0665283203125
2666496,604.2020263671875
2670592,622.9108276367188
2674688,700.1439208984375
2678784,647.9652709960938
2682880,571.1851196289062
2686976,577.0206909179688
2691072,457.69525146484375
2695168,675.48193359375
2699264,537.8516845703125
2703360,547.0765380859375
2707456,578.3854370117188
2711552,595.6464233398438
2715648,572.5625
2719744,475.642822265625
2723840,492.2157287597656
2727936,593.875
2732032,546.5931396484375
2736128,662.2664794921875
2740224,532.4656372070312
2744320,600.2831420898438
2748416,530.1571044921875
2752512,539.1414794921875
2756608,543.8132934570312
2760704,619.744384765625
2764800,630.719970703125
2768896,604.2495727539062
2772992,601.6537475585938
2777088,446.6324157714844
2781184,463.97662353515625
2785280,728.1761474609375
2789376,490.0923767089844
2793472,479.49945068359375
2797568,535.927490234375
2801664,549.7778930664062
2805760,583.3615112304688
2809856,563.582763671875
2813952,500.4013366699219
2818048,464.74700927734375
2822144,492.603759765625
2826240,557.7487182617188
2830336,605.3499755859375
2834432,641.8109130859375
2838528,505.6658935546875
2842624,488.216552734375
2846720,607.0740966796875
2850816,564.8929443359375
2854912,478.1121826171875
2859008,667.177734375
2863104,540.7508544921875
2867200,527.7390747070312
2871296,639.6078491210938
2875392,568.4248046875
2879488,566.9890747070312
2883584,450.5645446777344
2887680,835.5301513671875
2891776,633.623291015625
2895872,512.2159423828125
2899968,501.5875244140625
2904064,833.8919067382812
2908160,690.8834228515625
2912256,681.111328125
2916352,514.870361328125
2920448,531.49169921875
2924544,615.8990478515625
2928640,527.1740112304688
2932736,454.90869140625
2936832,515.93505859375
2940928,504.6885070800781
2945024,480.50665283203125
2949120,857.4529418945312
2953216,457.919677734375
2957312,561.8644409179688
2961408,446.36932373046875
2965504,478.7410888671875
2969600,433.8796081542969
2973696,421.17303466796875
2977792,573.3314208984375
2981888,444.31390380859375
2985984,408.3929138183594
2990080,545.4598388671875
2994176,491.346435546875
2998272,485.65216064453125
3002368,388.6979675292969
3006464,457.15911865234375
3010560,596.635498046875
3014656,620.3126831054688
3018752,455.52313232421875
3022848,503.66998291015625
3026944,441.9935302734375
3031040,548.5679931640625
3035136,505.4214172363281
3039232,489.7030944824219
3043328,446.7435302734375
3047424,529.6694946289062
3051520,500.46661376953125
3055616,514.810302734375
3059712,474.0318603515625
3063808,385.78155517578125
3067904,483.819580078125
3072000,454.7429504394531
3076096,509.48394775390625
3080192,411.009521484375
3084288,498.62109375
3088384,474.3134765625
3092480,413.1705322265625
3096576,447.300048828125
3100672,574.6336059570312
3104768,447.0267333984375
3108864,517.0496215820312
3112960,453.76898193359375
3117056,393.70849609375
3121152,376.2308349609375
3125248,408.664306640625
3129344,326.3519287109375
3133440,385.9058532714844
3137536,555.4300537109375
3141632,685.5848388671875
3145728,399.5783386230469
3149824,481.3536071777344
3153920,379.2505798339844
3158016,336.5048828125
3162112,313.18316650390625
3166208,321.6598205566406
3170304,331.4843444824219
3174400,443.07598876953125
3178496,361.69085693359375
3182592,398.9799499511719
3186688,515.0133666992188
3190784,492.4471435546875
3194880,334.9549560546875
3198976,386.85980224609375
3203072,443.5894775390625
3207168,357.78558349609375
3211264,312.7737121582031
3215360,337.0495910644531
3219456,347.842041015625
3223552,425.69671630859375
3227648,446.0401611328125
3231744,562.058349609375
3235840,493.61376953125
3239936,438.90826416015625
3244032,587.2333984375
3248128,457.39892578125
3252224,397.99969482421875
3256320,301.0081787109375
3260416,380.32757568359375
3264512,357.8187255859375
3268608,466.7148132324219
3272704,383.083984375
3276800,342.0415344238281
3280896,454.48681640625
3284992,642.1458740234375
3289088,379.16900634765625
3293184,408.143310546875
3297280,319.1058044433594
3301376,386.9800109863281
3305472,382.15301513671875
3309568,250.67510986328125
3313664,588.36376953125
3317760,311.4492492675781
3321856,382.0513610839844
3325952,503.52081298828125
3330048,419.35498046875
3334144,311.14031982421875
3338240,260.3726501464844
3342336,301.3327941894531
3346432,385.8950500488281
3350528,413.6064453125
3354624,381.7193298339844
3358720,488.9792785644531
3362816,463.6373291015625
3366912,417.37060546875
3371008,359.62969970703125
3375104,387.9886474609375
3379200,337.65362548828125
3383296,328.7070007324219
3387392,425.1963195800781
3391488,367.8558349609375
3395584,290.34942626953125
3399680,531.96044921875
3403776,421.19146728515625
3407872,426.17010498046875
3411968,614.7366943359375
3416064,263.2431640625
3420160,345.23870849609375
3424256,337.2433166503906
3428352,309.3966369628906
3432448,541.1486206054688
3436544,234.4591064453125
3440640,335.25067138671875
3444736,468.2785949707031
3448832,255.3202362060547
3452928,317.49102783203125
3457024,291.86602783203125
3461120,333.71368408203125
3465216,275.09075927734375
3469312,248.7519073486328
3473408,421.2900085449219
3477504,285.11468505859375
3481600,247.14024353027344
3485696,439.88916015625
3489792,269.4601135253906
3493888,671.26123046875
3497984,196.88323974609375
3502080,430.1585998535156
3506176,234.30758666992188
3510272,286.7739562988281
3514368,249.55287170410156
3518464,376.8677978515625
3522560,296.1341552734375
3526656,219.8455352783203
3530752,802.5413818359375
3534848,315.177490234375
3538944,390.9394836425781
3543040,234.33056640625
3547136,278.1380310058594
3551232,446.9667053222656
3555328,274.652099609375
3559424,209.58193969726562
3563520,217.945556640625
3567616,291.31658935546875
3571712,372.2922058105469
3575808,441.89752197265625
3579904,198.2611846923828
3584000,215.73272705078125
3588096,297.7237548828125
3592192,285.30572509765625
3596288,506.6584777832031
3600384,533.2239990234375
3604480,271.0771789550781
3608576,452.38372802734375
3612672,216.57769775390625
3616768,280.712646484375
3620864,412.98675537109375
3624960,241.6055450439453
3629056,468.72344970703125
3633152,309.78125
3637248,353.3720703125
3641344,348.7174072265625
3645440,386.1481018066406
3649536,577.9619750976562
3653632,426.63763427734375
3657728,293.6977233886719
3661824,191.6894989013672
3665920,241.50021362304688
3670016,339.1229248046875
3674112,293.52239990234375
3678208,168.67596435546875
3682304,516.1746215820312
3686400,254.9747314453125
3690496,576.1246337890625
3694592,226.7923583984375
3698688,411.4050598144531
3702784,310.1374206542969
3706880,264.828369140625
3710976,334.9364318847656
3715072,252.8102264404297
3719168,349.4896240234375
3723264,236.35540771484375
3727360,334.66650390625
3731456,761.56884765625
3735552,232.8743896484375
3739648,220.28375244140625
3743744,307.510009765625
3747840,201.58230590820312
3751936,467.1285400390625
3756032,236.21881103515625
3760128,155.0529327392578
3764224,251.2091522216797
3768320,201.0655975341797
3772416,259.598876953125
3776512,252.9895477294922
3780608,317.425537109375
3784704,294.71551513671875
3788800,247.03192138671875
3792896,186.353515625
3796992,1012.3834838867188
3801088,632.9275512695312
3805184,192.52767944335938
3809280,251.13967895507812
3813376,306.6759033203125
3817472,217.8134765625
3821568,219.0587921142578
3825664,174.0879364013672
3829760,345.8643798828125
3833856,151.01531982421875
3837952,247.2603759765625
3842048,238.95156860351562
3846144,347.33154296875
3850240,886.375244140625
3854336,277.0973815917969
3858432,692.7507934570312
3862528,222.52084350585938
3866624,257.5832824707031
3870720,157.82012939453125
3874816,534.8114624023438
3878912,183.12527465820312
3883008,246.08740234375
3887104,209.86972045898438
3891200,228.97853088378906
3895296,231.5986328125
3899392,842.40576171875
3903488,139.20999145507812
3907584,221.6087188720703
3911680,852.3514404296875
3915776,178.51683044433594
3919872,189.31149291992188
3923968,199.39784240722656
3928064,114.63801574707031
3932160,184.50454711914062
3936256,507.2883605957031
3940352,170.075439453125
3944448,126.37966918945312
3948544,207.41012573242188
3952640,138.59039306640625
3956736,293.6836853027344
3960832,472.0301513671875
3964928,329.1438293457031
3969024,310.2471008300781
3973120,446.1198425292969
3977216,266.6390380859375
3981312,566.3997802734375
3985408,251.1220245361328
3989504,132.19244384765625
3993600,287.78363037109375
3997696,246.58258056640625
4001792,118.65437316894531
4005888,170.37005615234375
4009984,157.84463500976562
4014080,90.05221557617188
4018176,337.55712890625
4022272,185.25735473632812
4026368,154.07066345214844
4030464,166.30545043945312
4034560,167.18106079101562
4038656,223.76690673828125
4042752,154.4656982421875
4046848,193.59335327148438
4050944,159.64736938476562
4055040,150.54049682617188
4059136,109.832763671875
4063232,180.70584106445312
4067328,196.55877685546875
4071424,151.64967346191406
4075520,194.46109008789062
4079616,135.5432891845703
4083712,240.9533233642578
4087808,326.78875732421875
4091904,603.0293579101562
4096000,168.6905517578125
4100096,248.1622314453125
4104192,137.6583251953125
4108288,281.9344787597656
4112384,210.478515625
4116480,523.3499755859375
4120576,125.8156509399414
4124672,124.12104797363281
4128768,312.2801513671875
4132864,653.7437133789062
4136960,317.36883544921875
4141056,141.10470581054688
4145152,97.72084045410156
4149248,279.8608093261719
4153344,126.47854614257812
4157440,131.30484008789062
4161536,183.08694458007812
4165632,260.94329833984375
4169728,455.27838134765625
4173824,679.988037109375
4177920,211.4456787109375
4182016,105.26437377929688
4186112,67.7696533203125
4190208,334.1390686035156
4194304,207.42930603027344
4198400,161.8779754638672
4202496,112.4748764038086
4206592,407.55712890625
4210688,329.0509033203125
4214784,343.60595703125
4218880,165.24847412109375
4222976,745.9730224609375
4227072,180.7252960205078
4231168,164.44085693359375
4235264,367.31689453125
4239360,652.0057373046875
4243456,444.68365478515625
4247552,77.41353607177734
4251648,255.6964569091797
4255744,281.0909729003906
4259840,452.7524719238281
4263936,918.7364501953125
4268032,127.87724304199219
4272128,203.80337524414062
4276224,298.4247741699219
4280320,402.5869140625
4284416,206.69577026367188
4288512,164.2203369140625
4292608,165.88262939453125
4296704,576.4275512695312
4300800,141.56166076660156
4304896,158.61671447753906
4308992,665.5039672851562
4313088,60.18232727050781
4317184,376.8056640625
4321280,213.55653381347656
4325376,607.4148559570312
4329472,327.37451171875
4333568,286.6905517578125
4337664,151.9501495361328
4341760,467.64801025390625
4345856,337.6678771972656
4349952,220.3177947998047
4354048,162.2944793701172
4358144,599.9404296875
4362240,91.87944793701172
4366336,65.94522094726562
4370432,495.66290283203125
4374528,91.74494934082031
4378624,150.44009399414062
4382720,404.03076171875
4386816,123.57439422607422
4390912,167.19757080078125
4395008,243.738525390625
4399104,163.63336181640625
4403200,248.84512329101562
4407296,311.0405578613281
4411392,402.091064453125
4415488,217.69287109375
4419584,116.54595947265625
4423680,296.2538757324219
4427776,572.5894775390625
4431872,308.12225341796875
4435968,224.14678955078125
4440064,249.17156982421875
4444160,216.16165161132812
4448256,411.6128234863281
4452352,671.12939453125
4456448,1120.489501953125
4460544,128.85665893554688
4464640,357.9559326171875
4468736,133.24569702148438
4472832,599.59814453125
4476928,347.4498291015625
4481024,190.30722045898438
4485120,506.4469299316406
4489216,269.1224060058594
4493312,157.4701690673828
4497408,96.9202651977539
4501504,111.10327911376953
4505600,523.2291259765625
4509696,133.87294006347656
4513792,225.72267150878906
4517888,52.839149475097656
4521984,44.728424072265625
4526080,128.7570343017578
4530176,176.11923217773438
4534272,178.0078125
4538368,60.09553527832031
4542464,268.9384765625
4546560,191.26821899414062
4550656,71.39070129394531
4554752,251.14743041992188
4558848,194.83706665039062
4562944,212.75753784179688
4567040,247.78005981445312
4571136,203.23049926757812
4575232,63.7303466796875
4579328,122.22594451904297
4583424,39.9349365234375
4587520,165.93101501464844
4591616,33.548423767089844
4595712,160.1942138671875
4599808,418.0855712890625
4603904,178.72711181640625
4608000,62.2742919921875
4612096,208.41476440429688
4616192,141.55484008789062
4620288,58.22753143310547
4624384,128.0481414794922
4628480,38.1685791015625
4632576,211.87762451171875
4636672,222.6279296875
4640768,326.81256103515625
4644864,423.3215026855469
4648960,277.6517333984375
4653056,56.9293327331543
4657152,96.238037109375
4661248,118.05094146728516
4665344,761.1072387695312
4669440,128.53750610351562
4673536,355.47662353515625
4677632,33.275360107421875
4681728,330.1147766113281
4685824,153.5459747314453
4689920,87.81068420410156
4694016,44.595726013183594
4698112,48.09519958496094
4702208,482.38348388671875
4706304,115.71310424804688
4710400,164.47378540039062
4714496,200.68463134765625
4718592,33.19297790527344
4722688,686.5135498046875
4726784,267.639892578125
4730880,35.75726318359375
4734976,77.99642944335938
4739072,645.37939453125
4743168,180.6552734375
4747264,98.50788879394531
4751360,473.56146240234375
4755456,191.68380737304688
4759552,36.281158447265625
4763648,227.5125732421875
4767744,268.4452209472656
4771840,208.05154418945312
4775936,309.98779296875
4780032,390.70745849609375
4784128,104.87992095947266
4788224,254.76841735839844
4792320,59.988189697265625
4796416,108.39799499511719
4800512,94.04989624023438
4804608,75.4044189453125
4808704,209.93341064453125
4812800,577.2213134765625
4816896,93.97489166259766
4820992,611.5918579101562
4825088,351.0089416503906
4829184,151.53228759765625
4833280,208.94403076171875
4837376,78.49598693847656
4841472,396.2205810546875
4845568,37.714805603027344
4849664,24.642513275146484
4853760,138.60983276367188
4857856,63.853050231933594
4861952,162.72862243652344
4866048,471.879150390625
4870144,52.771690368652344
4874240,15.503181457519531
4878336,301.851806640625
4882432,87.30557250976562
4886528,59.45200729370117
4890624,64.00408172607422
4894720,226.87318420410156
4898816,582.471923828125
4902912,103.98670959472656
4907008,25.113922119140625
4911104,377.0421447753906
4915200,75.10436248779297
4919296,927.5460205078125
4923392,81.4228515625
4927488,405.4781494140625
4931584,47.5109977722168
4935680,71.81883239746094
4939776,237.62074279785156
4943872,68.26055908203125
4947968,130.3447265625
4952064,328.55303955078125
4956160,588.6310424804688
4960256,10.458633422851562
4964352,87.81034088134766
4968448,378.794189453125
4972544,13.13257884979248
4976640,118.90582275390625
4980736,57.132286071777344
4984832,247.47593688964844
4988928,28.819856643676758
4993024,179.38258361816406
4997120,194.42689514160156
5001216,176.79315185546875
5005312,420.4687194824219
5009408,37.15592956542969
5013504,184.38421630859375
5017600,476.41363525390625
5021696,169.59033203125
5025792,10.97474479675293
5029888,56.01325988769531
5033984,287.0334777832031
5038080,17.514358520507812
5042176,205.50930786132812
5046272,274.0584411621094
5050368,248.81683349609375
5054464,20.264183044433594
5058560,16.70364761352539
5062656,252.99722290039062
5066752,334.9779357910156
5070848,113.768798828125
5074944,154.04537963867188
5079040,120.49064636230469
5083136,353.697021484375
5087232,28.786161422729492
5091328,95.8110122680664
5095424,65.41649627685547
5099520,201.1192626953125
5103616,102.29427337646484
5107712,36.831321716308594
5111808,226.1959686279297
5115904,63.06233596801758
5120000,33.19805908203125
5124096,42.914222717285156
5128192,88.3348617553711
5132288,72.27110290527344
5136384,257.8431701660156
5140480,2.318795680999756
5144576,345.2391662597656
5148672,188.00479125976562
5152768,78.1274185180664
5156864,142.90916442871094
5160960,217.5680389404297
5165056,263.46197509765625
5169152,47.07233428955078
5173248,56.909812927246094
5177344,109.60496520996094
5181440,161.89305114746094
5185536,715.54248046875
5189632,27.551708221435547
5193728,343.7999572753906
5197824,27.37276840209961
5201920,180.71337890625
5206016,326.5205078125
5210112,269.1493225097656
5214208,123.07450866699219
5218304,94.90234375
5222400,21.408845901489258
5226496,142.08677673339844
5230592,200.09609985351562
5234688,43.44325256347656
5238784,164.92906188964844
5242880,6.578193664550781
5246976,226.93983459472656
5251072,79.33258819580078
5255168,13.156861305236816
5259264,1017.4619140625
5263360,85.63337707519531
5267456,605.142822265625
5271552,88.74454498291016
5275648,496.6731262207031
5279744,176.86569213867188
5283840,169.36880493164062
5287936,83.5523681640625
5292032,502.904541015625
5296128,35.924842834472656
5300224,300.25726318359375
5304320,268.54541015625
5308416,21.576444625854492
5312512,134.13258361816406
5316608,27.516765594482422
5320704,15.023004531860352
5324800,1.1490728855133057
5328896,238.0517578125
5332992,127.5052490234375
5337088,121.44126892089844
5341184,545.327392578125
5345280,109.93968963623047
5349376,147.8472137451172
5353472,5.6946821212768555
5357568,28.01026153564453
5361664,4.344457149505615
5365760,173.45201110839844
5369856,204.01956176757812
5373952,4.006204605102539
5378048,58.76155090332031
5382144,56.482093811035156
5386240,18.24602699279785
5390336,253.62994384765625
5394432,151.1658935546875
5398528,694.099365234375
5402624,133.1894073486328
5406720,10.230502128601074
5410816,4.848676681518555
5414912,202.05723571777344
5419008,456.03668212890625
5423104,20.612672805786133
5427200,351.9775390625
5431296,41.52120590209961
5435392,697.8955078125
5439488,95.22483825683594
5443584,63.76786804199219
5447680,1.1973600387573242
5451776,14.447113037109375
5455872,5.071674823760986
5459968,134.48228454589844
5464064,289.17584228515625
5468160,87.94438934326172
5472256,154.2423553466797
5476352,10.373567581176758
5480448,446.1850280761719
5484544,266.09893798828125
5488640,111.3323745727539
5492736,2.2972307205200195
5496832,364.2568054199219
5500928,46.77134323120117
5505024,75.71041107177734
5509120,25.23290252685547
5513216,147.96315002441406
5517312,57.76157760620117
5521408,246.0615692138672
5525504,1.4033019542694092
5529600,49.167877197265625
5533696,70.14561462402344
5537792,1.2613297700881958
5541888,52.30443572998047
5545984,348.5289001464844
5550080,2.715235710144043
5554176,1.3902533054351807
5558272,117.30243682861328
5562368,13.708399772644043
5566464,43.05824661254883
5570560,7.899243354797363
5574656,89.38375854492188
5578752,169.65188598632812
5582848,0.3798964321613312
5586944,100.93914794921875
5591040,1.0260776281356812
5595136,160.69886779785156
5599232,9.23655891418457
5603328,31.29185676574707
5607424,63.72913360595703
5611520,1.989588737487793
5615616,14.175745010375977
5619712,85.27359008789062
5623808,71.8651123046875
5627904,4.14879035949707
5632000,0.33661776781082153
5636096,0.2668783962726593
5640192,109.05011749267578
5644288,209.92074584960938
5648384,4.816924571990967
5652480,134.69110107421875
5656576,128.60072326660156
5660672,48.58892059326172
5664768,0.8506507277488708
5668864,1.1899436712265015
5672960,48.3462028503418
5677056,53.40248107910156
5681152,0.4697895050048828
5685248,77.71302795410156
5689344,0.32368069887161255
5693440,38.59263610839844
5697536,3.164177894592285
5701632,7.038975238800049
5705728,3.8565850257873535
5709824,0.9518725872039795
5713920,163.5967254638672
5718016,0.4425486922264099
5722112,53.77605056762695
5726208,62.800262451171875
5730304,11.077136993408203
5734400,0.3532786965370178
5738496,1.3626290559768677
5742592,48.841976165771484
5746688,2.751584768295288
5750784,100.30502319335938
5754880,93.38288879394531
5758976,212.6402587890625
5763072,49.254032135009766
5767168,0.24073489010334015
5771264,3.2715530395507812
5775360,38.22291564941406
5779456,1.0929298400878906
5783552,49.70970916748047
5787648,143.26531982421875
5791744,0.31885433197021484
5795840,0.5174098014831543
5799936,3.754892349243164
5804032,112.49044036865234
5808128,133.8355712890625
5812224,4.320437431335449
5816320,3.923311710357666
5820416,46.03586959838867
5824512,2.9105279445648193
5828608,0.37256574630737305
5832704,4.021101474761963
5836800,1.4430747032165527
5840896,48.17249298095703
5844992,224.6070556640625
5849088,45.92475891113281
5853184,102.93229675292969
5857280,3.27241587638855
5861376,44.818016052246094
5865472,95.0012435913086
5869568,43.899478912353516
5873664,2.2584943771362305
5877760,112.77381896972656
5881856,33.64863967895508
5885952,48.43637466430664
5890048,0.39577150344848633
5894144,0.2830139994621277
5898240,132.53790283203125
5902336,0.24969667196273804
5906432,96.80549621582031
5910528,0.5757442712783813
5914624,84.1432876586914
5918720,88.52753448486328
5922816,70.2030258178711
5926912,3.894756555557251
5931008,182.82447814941406
5935104,95.84208679199219
5939200,154.53880310058594
5943296,128.8714599609375
5947392,195.96583557128906
5951488,212.21583557128906
5955584,219.55035400390625
5959680,0.28845739364624023
5963776,13.284375190734863
5967872,0.8910847902297974
5971968,54.62512969970703
5976064,297.8731384277344
5980160,7.272115707397461
5984256,3.331312417984009
5988352,0.28448835015296936
5992448,21.557125091552734
5996544,109.27616119384766
6000640,50.72760009765625
6004736,140.70513916015625
6008832,96.9349136352539
6012928,31.205440521240234
6017024,32.92194747924805
6021120,0.7274991273880005
6025216,8.983430862426758
6029312,2.287731885910034
6033408,0.4499439597129822
6037504,0.35964807868003845
6041600,147.9896697998047
6045696,2.6351430416107178
6049792,82.32095336914062
6053888,161.80311584472656
6057984,0.4053981304168701
6062080,77.46644592285156
6066176,98.3662109375
6070272,79.59005737304688
6074368,68.52533721923828
6078464,22.823570251464844
6082560,4.426194667816162
6086656,0.4220298230648041
6090752,0.4823133051395416
6094848,9.513100624084473
6098944,2.2641799449920654
6103040,4.042203426361084
6107136,11.75541877746582
6111232,89.3947982788086
6115328,2.004383087158203
6119424,0.3926433324813843
6123520,122.95480346679688
6127616,2.3065600395202637
6131712,0.17095929384231567
6135808,0.6949914693832397
6139904,34.960880279541016
6144000,2.480400323867798
6148096,43.164363861083984
6152192,81.45967864990234
6156288,98.25111389160156
6160384,2.3065621852874756
6164480,0.21422021090984344
6168576,200.4395751953125
6172672,135.37411499023438
6176768,43.465553283691406
6180864,108.22759246826172
6184960,0.2728903889656067
6189056,1.2234559059143066
6193152,40.829891204833984
6197248,0.3879202902317047
6201344,0.555787980556488
6205440,97.53042602539062
6209536,97.32935333251953
6213632,2.473554849624634
6217728,108.5064697265625
6221824,1.2547062635421753
6225920,0.7113704085350037
6230016,14.429773330688477
6234112,0.2911248505115509
6238208,94.50193786621094
6242304,3.671876907348633
6246400,4.142570495605469
6250496,67.01026153564453
6254592,2.43325138092041
6258688,5.394201755523682
6262784,91.7358627319336
6266880,38.04862976074219
6270976,5.0762152671813965
6275072,116.3731689453125
6279168,56.624691009521484
6283264,0.5830947756767273
6287360,24.856910705566406
6291456,18.159793853759766
6295552,0.44707849621772766
6299648,74.23814392089844
6303744,24.156333923339844
6307840,61.538719177246094
6311936,0.5377640128135681
6316032,3.5278310775756836
6320128,168.67906188964844
6324224,168.38426208496094
6328320,119.3807601928711
6332416,81.33633422851562
6336512,1.46073579788208
6340608,1.0938024520874023
6344704,66.06777954101562
6348800,7.575721263885498
6352896,121.87963104248047
6356992,0.24384371936321259
6361088,63.489444732666016
6365184,35.53668975830078
6369280,232.6812744140625
6373376,44.13571548461914
6377472,53.2042121887207
6381568,7.506409168243408
6385664,0.264687716960907
6389760,0.7463071942329407
6393856,0.9282324314117432
6397952,16.11482048034668
6402048,0.40821537375450134
6406144,66.13057708740234
6410240,108.08964538574219
6414336,99.47631072998047
6418432,28.40860366821289
6422528,42.948646545410156
6426624,58.20182800292969
6430720,2.1614933013916016
6434816,0.546613335609436
6438912,5.499547004699707
6443008,143.98800659179688
6447104,28.933876037597656
6451200,105.60113525390625
6455296,9.107990264892578
6459392,218.36940002441406
6463488,4.841864109039307
6467584,319.0850830078125
6471680,94.06813049316406
6475776,156.7366485595703
6479872,207.12713623046875
6483968,0.9168462157249451
6488064,0.39595991373062134
6492160,0.5544143915176392
6496256,80.3766098022461
6500352,110.07866668701172
6504448,0.1470748782157898
6508544,108.19090270996094
6512640,87.90817260742188
6516736,182.38894653320312
6520832,107.73347473144531
6524928,98.40938568115234
6529024,92.035888671875
6533120,81.16133880615234
6537216,0.4415022134780884
6541312,32.08341598510742
6545408,69.17666625976562
6549504,0.20295290648937225
6553600,95.99108123779297
6557696,27.942319869995117
6561792,1.032160997390747
6565888,4.891195297241211
6569984,0.23451009392738342
6574080,81.05171203613281
6578176,67.69406127929688
6582272,108.91732025146484
6586368,231.41586303710938
6590464,110.07294464111328
6594560,521.4239501953125
6598656,20.88091278076172
6602752,104.733154296875
6606848,95.87295532226562
6610944,0.2824970483779907
6615040,67.02426147460938
6619136,3.8786587715148926
6623232,0.9264101982116699
6627328,28.365678787231445
6631424,28.78390121459961
6635520,36.843143463134766
6639616,0.7405560612678528
6643712,0.7282500267028809
6647808,4.652565002441406
6651904,26.052431106567383
6656000,20.239782333374023
6660096,26.979475021362305
6664192,45.936607360839844
6668288,0.2886728048324585
6672384,21.83785629272461
6676480,214.70474243164062
6680576,0.3452839255332947
6684672,8.828995704650879
6688768,4.6989240646362305
6692864,21.457494735717773
6696960,2.7308847904205322
6701056,205.35043334960938
6705152,129.15570068359375
6709248,97.72277069091797
6713344,138.25277709960938
6717440,447.48272705078125
6721536,78.04981231689453
6725632,25.658397674560547
6729728,0.3792542517185211
6733824,4.093435764312744
6737920,98.63665008544922
6742016,1.7254753112792969
6746112,0.3985947370529175
6750208,250.7017822265625
6754304,15.134719848632812
6758400,85.76586151123047
6762496,107.87557983398438
6766592,188.4893798828125
6770688,0.5003917813301086
6774784,29.7733154296875
6778880,110.31063842773438
6782976,55.886932373046875
6787072,6.459600448608398
6791168,155.08888244628906
6795264,3.9018614292144775
6799360,51.37959671020508
6803456,99.15420532226562
6807552,123.0959243774414
6811648,118.78601837158203
6815744,25.955364227294922
6819840,0.24433284997940063
6823936,26.92415428161621
6828032,5.139142990112305
6832128,83.08814239501953
6836224,0.8433464169502258
6840320,32.05167770385742
6844416,37.719573974609375
6848512,4.4032673835754395
6852608,8.466573715209961
6856704,9.765767097473145
6860800,38.08949661254883
6864896,3.9412174224853516
6868992,43.74565887451172
6873088,5.981884479522705
6877184,7.992778778076172
6881280,38.709651947021484
6885376,9.426933288574219
6889472,3.8954970836639404
6893568,134.60888671875
6897664,8.894867897033691
6901760,129.12696838378906
6905856,30.386255264282227
6909952,5.447070598602295
6914048,0.15102919936180115
6918144,0.6120899319648743
6922240,5.7388200759887695
6926336,103.86528778076172
6930432,12.738676071166992
6934528,8.450262069702148
6938624,0.6656733155250549
6942720,131.1614990234375
6946816,59.867942810058594
6950912,89.18778228759766
6955008,0.19097885489463806
6959104,0.36363691091537476
6963200,4.911623001098633
6967296,91.76734161376953
6971392,0.5510930418968201
6975488,216.5323944091797
6979584,2.2605795860290527
6983680,4.005913257598877
6987776,31.77867317199707
6991872,2.2445902824401855
6995968,68.4874038696289
7000064,47.239376068115234
7004160,102.7022476196289
7008256,89.98141479492188
7012352,0.3572912812232971
7016448,104.50626373291016
7020544,3.069380760192871
7024640,1.7667036056518555
7028736,0.22618964314460754
7032832,1.3222134113311768
7036928,1.6192612648010254
7041024,63.89373779296875
7045120,27.066776275634766
7049216,1.4662712812423706
7053312,0.6943103075027466
7057408,33.237430572509766
7061504,128.71099853515625
7065600,89.35151672363281
7069696,27.858030319213867
7073792,0.4632945656776428
7077888,153.14605712890625
7081984,13.564519882202148
7086080,126.30743408203125
7090176,52.1743049621582
7094272,0.2102811634540558
7098368,1.7767020463943481
7102464,684.6400146484375
7106560,50.604278564453125
7110656,121.57154083251953
7114752,241.9786834716797
7118848,0.3786905109882355
7122944,114.46747589111328
7127040,27.776630401611328
7131136,6.702610015869141
7135232,82.01447296142578
7139328,7.964618682861328
7143424,0.42248183488845825
7147520,0.5866706371307373
7151616,0.48709097504615784
7155712,5.903223037719727
7159808,0.6242663860321045
7163904,1.0098140239715576
7168000,92.97814178466797
7172096,0.8871159553527832
7176192,94.8141098022461
7180288,28.63616371154785
7184384,21.848342895507812
7188480,0.7656002044677734
7192576,72.03300476074219
7196672,173.55584716796875
7200768,11.82736873626709
7204864,1.276151180267334
7208960,206.77560424804688
7213056,107.0359115600586
7217152,196.06097412109375
7221248,1.2368831634521484
7225344,0.9571057558059692
7229440,262.9604797363281
7233536,1.2077968120574951
7237632,147.71249389648438
7241728,1.086399793624878
7245824,1.321843147277832
7249920,69.44361877441406
7254016,6.3745622634887695
7258112,3.679530620574951
7262208,133.13381958007812
7266304,97.09942626953125
7270400,0.40369507670402527
7274496,116.40371704101562
7278592,0.29265740513801575
7282688,1.5331110954284668
7286784,0.4164271354675293
7290880,3.6609935760498047
7294976,0.361001580953598
7299072,49.45647430419922
7303168,114.23420715332031
7307264,0.7679760456085205
7311360,0.6950405836105347
7315456,74.56925201416016
7319552,7.249161243438721
7323648,6.462993621826172
7327744,2.6885030269622803
7331840,2.5829761028289795
7335936,75.29293060302734
7340032,72.56625366210938
7344128,61.55739212036133
7348224,0.32754844427108765
7352320,0.2651713490486145
7356416,111.40296173095703
7360512,59.89999771118164
7364608,22.17469596862793
7368704,4.427175045013428
7372800,0.2564242482185364
7376896,0.21445831656455994
7380992,2.404947280883789
7385088,25.17928695678711
7389184,95.65316009521484
7393280,55.50806427001953
7397376,5.435433864593506
7401472,170.87095642089844
7405568,25.194223403930664
7409664,2.7499613761901855
7413760,2.227774143218994
7417856,25.614032745361328
7421952,35.522560119628906
7426048,3.8790650367736816
7430144,12.204083442687988
7434240,30.088348388671875
7438336,1.3740520477294922
7442432,0.20852184295654297
7446528,136.71328735351562
7450624,27.044355392456055
7454720,0.18073953688144684
7458816,1.8484790325164795
7462912,79.53058624267578
7467008,80.43607330322266
7471104,51.48505783081055
7475200,165.28958129882812
7479296,60.37040710449219
7483392,175.37744140625
7487488,60.288455963134766
7491584,0.33427348732948303
7495680,0.4123305678367615
7499776,26.341737747192383
7503872,0.30397671461105347
7507968,57.85048294067383
7512064,0.1591363251209259
7516160,41.137054443359375
7520256,0.33485981822013855
7524352,2.07669734954834
7528448,0.2899145483970642
7532544,28.140026092529297
7536640,58.746910095214844
7540736,0.17965984344482422
7544832,0.3237159252166748
7548928,61.28113555908203
7553024,30.11870765686035
7557120,0.11982721090316772
7561216,0.26935383677482605
7565312,0.1716812551021576
7569408,27.253511428833008
7573504,90.6659927368164
7577600,58.29634094238281
7581696,120.51968383789062
7585792,157.17315673828125
7589888,183.32106018066406
7593984,0.24561601877212524
7598080,110.2263412475586
7602176,2.320589065551758
7606272,124.13771057128906
7610368,31.28714942932129
7614464,2.657456636428833
7618560,104.74909973144531
7622656,109.48237609863281
7626752,0.2385478913784027
7630848,0.3278227150440216
7634944,0.4182678759098053
7639040,1.2278910875320435
7643136,0.6636754274368286
7647232,0.25288328528404236
7651328,5.0379157066345215
7655424,0.29855456948280334
7659520,0.26450246572494507
7663616,134.90554809570312
7667712,101.44905853271484
7671808,0.5256145000457764
7675904,0.16894769668579102
7680000,0.2035410851240158
7684096,140.29103088378906
7688192,69.81014251708984
7692288,113.56702423095703
7696384,0.5763152241706848
7700480,24.61147689819336
7704576,7.689064979553223
7708672,94.73649597167969
7712768,82.47138214111328
7716864,111.24491119384766
7720960,91.12875366210938
7725056,106.17748260498047
7729152,0.3196178674697876
7733248,0.43595826625823975
7737344,94.11231231689453
7741440,27.546445846557617
7745536,9.930469512939453
7749632,250.79379272460938
7753728,3.2828445434570312
7757824,164.1088104248047
7761920,8.775749206542969
7766016,49.70561981201172
7770112,18.537174224853516
7774208,16.934131622314453
7778304,92.1751708984375
7782400,111.76438903808594
7786496,74.01213836669922
7790592,0.20429681241512299
7794688,9.14947509765625
7798784,0.4884989857673645
7802880,10.335490226745605
7806976,83.88504028320312
7811072,10.812437057495117
7815168,141.12289428710938
7819264,0.27540674805641174
7823360,68.62347412109375
7827456,46.40529251098633
7831552,5.089286804199219
7835648,1.5929473638534546
7839744,5.7318010330200195
7843840,9.69675064086914
7847936,0.6827361583709717
7852032,368.62548828125
7856128,102.02532196044922
7860224,47.33404541015625
7864320,3.6495203971862793
7868416,0.23159396648406982
7872512,73.59917449951172
7876608,14.991338729858398
7880704,1.2026469707489014
7884800,114.96441650390625
7888896,0.31296268105506897
7892992,111.43762969970703
7897088,91.50385284423828
7901184,0.41452139616012573
7905280,3.1292173862457275
7909376,7.560795307159424
7913472,107.80416107177734
7917568,0.3499104976654053
7921664,100.55097961425781
7925760,110.21395111083984
7929856,1.1682904958724976
7933952,13.051179885864258
7938048,35.7795295715332
7942144,1.0015801191329956
7946240,0.7188221216201782
7950336,54.20176696777344
7954432,30.26836395263672
7958528,12.553478240966797
7962624,1.8326928615570068
7966720,2.5213308334350586
7970816,13.508539199829102
7974912,46.560604095458984
7979008,0.19867199659347534
7983104,2.4906063079833984
7987200,2.0715086460113525
7991296,1.0876094102859497
7995392,3.281364679336548
7999488,84.94292449951172
8003584,147.08428955078125
8007680,59.28315353393555
8011776,50.95712661743164
8015872,0.3585607707500458
8019968,2.0104990005493164
8024064,11.464887619018555
8028160,120.00111389160156
8032256,39.011390686035156
8036352,8.13697624206543
8040448,12.089975357055664
8044544,225.97048950195312
8048640,185.046630859375
8052736,97.30029296875
8056832,18.229204177856445
8060928,6.029496192932129
8065024,588.5540771484375
8069120,6.269138336181641
8073216,0.35942918062210083
8077312,0.490284264087677
8081408,13.84815788269043
8085504,105.9585952758789
8089600,13.643070220947266
8093696,0.4698886573314667
8097792,158.2663116455078
8101888,1.518850564956665
8105984,88.84733581542969
8110080,47.2049674987793
8114176,0.24835297465324402
8118272,249.545654296875
8122368,6.522702217102051
8126464,84.27129364013672
8130560,11.473883628845215
8134656,0.16299062967300415
8138752,167.98248291015625
8142848,119.64774322509766
8146944,24.874252319335938
8151040,48.759254455566406
8155136,12.185107231140137
8159232,1.3314330577850342
8163328,0.5625887513160706
8167424,0.17831197381019592
8171520,91.8611831665039
8175616,0.5317373275756836
8179712,110.40176391601562
8183808,86.25005340576172
8187904,95.5464096069336
8192000,72.71609497070312
8196096,0.5247975587844849
8200192,18.675804138183594
8204288,153.98837280273438
8208384,19.655179977416992
8212480,0.8106372952461243
8216576,1.213805913925171
8220672,6.143259048461914
8224768,10.677144050598145
8228864,82.15550231933594
8232960,0.3858945667743683
8237056,0.7910393476486206
8241152,0.157471165060997
8245248,125.90420532226562
8249344,6.257521629333496
8253440,32.22746658325195
8257536,0.5915213823318481
8261632,6.873898029327393
8265728,47.8372688293457
8269824,0.6624521017074585
8273920,0.8050452470779419
8278016,34.684600830078125
8282112,4.629789352416992
8286208,121.31724548339844
8290304,138.6341094970703
8294400,0.9563896656036377
8298496,0.8015124201774597
8302592,80.83712005615234
8306688,0.382810115814209
8310784,66.78755950927734
8314880,28.78302574157715
8318976,46.54949951171875
8323072,0.4192946255207062
8327168,4.134665012359619
8331264,1.3502084016799927
8335360,5.15439510345459
8339456,13.628487586975098
8343552,107.63581848144531
8347648,32.839942932128906
8351744,20.61153221130371
8355840,7.711303234100342
8359936,13.909639358520508
8364032,0.6505270600318909
8368128,23.39287567138672
8372224,0.19839270412921906
8376320,94.9029769897461
8380416,0.2671886384487152
8384512,0.5826586484909058
8388608,164.6409454345703
8392704,7.685138702392578
8396800,66.8707504272461
8400896,0.8935922384262085
8404992,68.42892456054688
8409088,10.292313575744629
8413184,31.569299697875977
8417280,54.94491958618164
8421376,16.47854995727539
8425472,0.26524507999420166
8429568,37.48659133911133
8433664,0.25597143173217773
8437760,565.6176147460938
8441856,86.13190460205078
8445952,4.192163944244385
8450048,65.63458251953125
8454144,82.64950561523438
8458240,87.65283203125
8462336,86.91632843017578
8466432,0.26014697551727295
8470528,0.10941583663225174
8474624,99.99877166748047
8478720,0.2983919382095337
8482816,30.434688568115234
8486912,0.3743182122707367
8491008,15.41646671295166
8495104,0.5360003709793091
8499200,7.6800994873046875
8503296,1.15972900390625
8507392,0.20842480659484863
8511488,106.82917022705078
8515584,0.2553209066390991
8519680,11.284408569335938
8523776,0.28417330980300903
8527872,28.980846405029297
8531968,32.71611022949219
8536064,18.235641479492188
8540160,72.33885955810547
8544256,5.513763904571533
8548352,9.634273529052734
8552448,2.538454055786133
8556544,202.02716064453125
8560640,3.5935568809509277
8564736,92.70790100097656
8568832,105.19677734375
8572928,96.33575439453125
8577024,2.5560195446014404
8581120,34.58783721923828
8585216,0.4254034459590912
8589312,0.7745366096496582
8593408,8.872781753540039
8597504,93.2782974243164
8601600,0.3041722774505615
8605696,8.801197052001953
8609792,20.9183406829834
8613888,80.57908630371094
8617984,191.11798095703125
8622080,6.090126991271973
8626176,1.2313858270645142
8630272,0.285070538520813
8634368,105.0140151977539
8638464,2.8490407466888428
8642560,0.41084516048431396
8646656,0.24426791071891785
8650752,86.62935638427734
8654848,11.345254898071289
8658944,73.55852508544922
8663040,33.80805587768555
8667136,75.90059661865234
8671232,196.35079956054688
8675328,0.832067608833313
8679424,0.971153736114502
8683520,4.200671195983887
8687616,33.94219207763672
8691712,8.53217601776123
8695808,7.99355936050415
8699904,0.47245919704437256
8704000,59.24320602416992
8708096,22.321361541748047
8712192,0.327161580324173
8716288,12.793315887451172
8720384,98.32459259033203
8724480,10.696128845214844
8728576,64.33382415771484
8732672,10.62796401977539
8736768,222.70826721191406
8740864,1.8666890859603882
8744960,95.00552368164062
8749056,2.4031968116760254
8753152,0.31261855363845825
8757248,6.970920085906982
8761344,2.1650712490081787
8765440,20.29950714111328
8769536,0.429680734872818
8773632,25.574520111083984
8777728,0.31087374687194824
8781824,2.469454288482666
8785920,60.61687469482422
8790016,0.33816659450531006
8794112,2.987833261489868
8798208,1.382245421409607
8802304,0.289398193359375
8806400,1.1737284660339355
8810496,100.28657531738281
8814592,8.84653091430664
8818688,180.8243408203125
8822784,112.90550994873047
8826880,66.11743927001953
8830976,15.189440727233887
8835072,0.6483685970306396
8839168,73.9994888305664
8843264,90.54994201660156
8847360,1.1061556339263916
8851456,70.9759292602539
8855552,178.77883911132812
8859648,36.772281646728516
8863744,0.5081486701965332
8867840,180.66290283203125
8871936,87.81868743896484
8876032,7.151970386505127
8880128,113.06221008300781
8884224,0.3334200978279114
8888320,118.84337615966797
8892416,58.48762893676758
8896512,53.75546646118164
8900608,101.54660034179688
8904704,0.643220067024231
8908800,5.7964935302734375
8912896,0.7571760416030884
8916992,73.05107879638672
8921088,11.811278343200684
8925184,84.04849243164062
8929280,262.05548095703125
8933376,65.07233428955078
8937472,3.5461859703063965
8941568,80.56803131103516
8945664,162.98733520507812
8949760,25.34902572631836
8953856,194.58407592773438
8957952,185.3874969482422
8962048,0.5680218935012817
8966144,44.39885711669922
8970240,2.721280097961426
8974336,35.37038803100586
8978432,4.934995651245117
8982528,0.5261501669883728
8986624,20.278514862060547
8990720,0.3277738392353058
8994816,55.814205169677734
8998912,2.5607495307922363
9003008,11.240553855895996
9007104,192.920166015625
9011200,83.1652603149414
9015296,29.678747177124023
9019392,2.3361611366271973
9023488,13.285614013671875
9027584,104.74468994140625
9031680,135.46937561035156
9035776,56.638736724853516
9039872,136.3638916015625
9043968,0.6341578960418701
9048064,162.17135620117188
9052160,4.397751331329346
9056256,10.711923599243164
9060352,0.9256008267402649
9064448,507.7949523925781
9068544,51.15208435058594
9072640,4.074779510498047
9076736,1.8146069049835205
9080832,64.70600128173828
9084928,1.7806593179702759
9089024,42.386661529541016
9093120,0.43729013204574585
9097216,10.161153793334961
9101312,8.06351089477539
9105408,92.2440185546875
9109504,7.8839111328125
9113600,15.10458755493164
9117696,0.38398274779319763
9121792,47.887149810791016
9125888,78.01620483398438
9129984,8.739837646484375
9134080,43.02736282348633
9138176,11.976293563842773
9142272,88.79305267333984
9146368,42.6444091796875
9150464,0.4065832495689392
9154560,62.47880172729492
9158656,178.39852905273438
9162752,0.6255701780319214
9166848,107.69707489013672
9170944,0.2880115807056427
9175040,8.784563064575195
9179136,141.9024200439453
9183232,9.89588737487793
9187328,7.6848273277282715
9191424,5.548148155212402
9195520,0.129221111536026
9199616,0.2823285758495331
9203712,517.7216796875
9207808,18.310455322265625
9211904,0.23414312303066254
9216000,6.147144317626953
9220096,106.39430236816406
9224192,0.29687392711639404
9228288,4.879358768463135
9232384,54.38100814819336
9236480,52.33717727661133
9240576,8.049347877502441
9244672,0.43381837010383606
9248768,72.34053039550781
9252864,19.68035316467285
9256960,38.44826126098633
9261056,40.989627838134766
9265152,0.8608093857765198
9269248,12.842475891113281
9273344,0.25948187708854675
9277440,132.20166015625
9281536,6.77023458480835
9285632,0.20943033695220947
9289728,48.04936599731445
9293824,8.158546447753906
9297920,38.295494079589844
9302016,105.19630432128906
9306112,6.178465366363525
9310208,1.0339692831039429
9314304,16.240276336669922
9318400,9.400044441223145
9322496,12.723855972290039
9326592,467.61199951171875
9330688,48.93437576293945
9334784,94.19993591308594
9338880,0.47449374198913574
9342976,85.56224060058594
9347072,1.1062812805175781
9351168,2.2717809677124023
9355264,0.47798532247543335
9359360,7.761712551116943
9363456,79.03258514404297
9367552,23.084680557250977
9371648,43.387264251708984
9375744,77.13373565673828
9379840,0.229623943567276
9383936,6.002307415008545
9388032,6.315569877624512
9392128,0.1203741729259491
9396224,0.15973809361457825
9400320,8.158469200134277
9404416,3.608485221862793
9408512,6.279411315917969
9412608,5.69598913192749
9416704,6.846604347229004
9420800,22.120548248291016
9424896,111.73217010498047
9428992,5.340487003326416
9433088,0.2067234218120575
9437184,7.4466166496276855
9441280,5.17034912109375
9445376,25.81835174560547
9449472,48.7171745300293
9453568,111.90777587890625
9457664,8.519491195678711
9461760,1.5635775327682495
9465856,15.970003128051758
9469952,12.531807899475098
9474048,6.360311508178711
9478144,12.50153923034668
9482240,11.866031646728516
9486336,11.088888168334961
9490432,0.12710773944854736
9494528,10.672994613647461
9498624,0.2706124484539032
9502720,126.27011108398438
9506816,128.11033630371094
9510912,18.43654441833496
9515008,7.0701003074646
9519104,122.48429870605469
9523200,109.76087951660156
9527296,179.41395568847656
9531392,152.28396606445312
9535488,0.14130139350891113
9539584,110.89744567871094
9543680,0.28961122035980225
9547776,11.966035842895508
9551872,0.19710808992385864
9555968,30.443347930908203
9560064,13.794517517089844
9564160,118.08504486083984
9568256,0.2114114612340927
9572352,35.240196228027344
9576448,44.451541900634766
9580544,0.3302970230579376
9584640,5.0389180183410645
9588736,0.949338436126709
9592832,71.90074920654297
9596928,93.3606185913086
9601024,142.9172821044922
9605120,6.724106311798096
9609216,29.7285099029541
9613312,36.04072570800781
9617408,218.18727111816406
9621504,8.206502914428711
9625600,91.16618347167969
9629696,205.72409057617188
9633792,15.596329689025879
9637888,485.4786071777344
9641984,63.06657409667969
9646080,5.636951446533203
9650176,1.7121446132659912
9654272,8.075973510742188
9658368,1.0238587856292725
9662464,48.90552520751953
9666560,3.651515007019043
9670656,527.3378295898438
9674752,96.84017944335938
9678848,182.18678283691406
9682944,6.630800724029541
9687040,1.4255592823028564
9691136,8.572738647460938
9695232,96.1097412109375
9699328,0.6778051853179932
9703424,66.66950988769531
9707520,0.6463462114334106
9711616,222.03427124023438
9715712,48.18374252319336
9719808,0.35079529881477356
9723904,19.821290969848633
9728000,0.8450309038162231
9732096,6.641807556152344
9736192,0.9125752449035645
9740288,0.9977403283119202
9744384,195.65841674804688
9748480,28.06330108642578
9752576,214.20687866210938
9756672,187.78128051757812
9760768,7.7847208976745605
9764864,181.15512084960938
9768960,25.700305938720703
9773056,0.40203970670700073
9777152,1.1199331283569336
9781248,7.484394073486328
9785344,2.121783494949341
9789440,0.9263241291046143
9793536,9.895312309265137
9797632,17.07359504699707
9801728,1.1954002380371094
9805824,2.763791084289551
9809920,46.53474426269531
9814016,1.3292094469070435
9818112,0.7210472822189331
9822208,6.998720645904541
9826304,9.740989685058594
9830400,183.71444702148438
9834496,29.327760696411133
9838592,1.1245859861373901
9842688,39.188072204589844
9846784,82.00079345703125
9850880,10.479707717895508
9854976,87.0071792602539
9859072,80.60360717773438
9863168,0.34500405192375183
9867264,378.68780517578125
9871360,10.985987663269043
9875456,0.2968153953552246
9879552,43.45201873779297
9883648,0.24663713574409485
9887744,25.607879638671875
9891840,180.49435424804688
9895936,47.601654052734375
9900032,90.08695983886719
9904128,0.4893747568130493
9908224,12.051374435424805
9912320,40.980140686035156
9916416,141.56222534179688
9920512,0.7542463541030884
9924608,6.48298454284668
9928704,4.383680820465088
9932800,171.50302124023438
9936896,5.179187774658203
9940992,9.707304954528809
9945088,242.4605712890625
9949184,0.9302235841751099
9953280,0.48750773072242737
9957376,207.6678466796875
9961472,13.807284355163574
9965568,0.5252534747123718
9969664,1.1868932247161865
9973760,2.251371383666992
9977856,143.52029418945312
9981952,1.624326229095459
9986048,57.84273910522461
9990144,60.304595947265625
9994240,76.40804290771484
9998336,35.83244323730469
10002432,0.18024596571922302
10006528,63.44127655029297
10010624,1.4520823955535889
10014720,9.078482627868652
10018816,319.7419128417969
10022912,87.85850524902344
10027008,1.0385992527008057
10031104,0.1489132195711136
10035200,106.21338653564453
10039296,63.272239685058594
10043392,1.6980541944503784
10047488,6.356660842895508
10051584,12.556056022644043
10055680,126.29560852050781
10059776,0.8626466393470764
10063872,0.4352922737598419
10067968,0.35983482003211975
10072064,4.809603691101074
10076160,5.44445276260376
10080256,53.564754486083984
10084352,0.7627177238464355
10088448,17.392019271850586
10092544,5.769791603088379
10096640,5.316112041473389
10100736,9.615403175354004
10104832,1.0140886306762695
10108928,8.842814445495605
10113024,81.1651611328125
10117120,5.559444427490234
10121216,0.23111063241958618
10125312,0.9590888023376465
10129408,5.3280720710754395
10133504,7.910589694976807
10137600,2.832414388656616
10141696,0.6275889873504639
10145792,1.8973630666732788
10149888,1.9828745126724243
10153984,7.60351037979126
10158080,13.64700698852539
10162176,14.876033782958984
10166272,1.4003126621246338
10170368,211.19972229003906
10174464,3.832764148712158
10178560,27.8022518157959
10182656,120.45741271972656
10186752,35.67741394042969
10190848,4.093688011169434
10194944,106.54470825195312
10199040,66.94751739501953
10203136,1.2519294023513794
10207232,5.441612243652344
10211328,4.440429210662842
10215424,7.1840362548828125
10219520,142.61941528320312
10223616,78.14373779296875
10227712,0.48635977506637573
10231808,112.56344604492188
10235904,55.20257568359375
10240000,225.1409454345703
10244096,0.5841220021247864
10248192,0.383361279964447
10252288,14.081378936767578
10256384,70.04670715332031
10260480,0.14460359513759613
10264576,3.536914348602295
10268672,0.7915114164352417
10272768,205.156494140625
10276864,370.0701904296875
10280960,95.67986297607422
10285056,2.475027084350586
10289152,226.50570678710938
10293248,15.682459831237793
10297344,98.05410766601562
10301440,0.8003491163253784
10305536,0.3474109172821045
10309632,23.24722671508789
10313728,6.5485944747924805
10317824,1.289177417755127
10321920,311.14324951171875
10326016,176.6597137451172
10330112,109.62596130371094
10334208,3.9897868633270264
10338304,0.4154391288757324
10342400,180.2935791015625
10346496,76.57573699951172
10350592,112.55787658691406
10354688,16.81961441040039
10358784,0.396756649017334
10362880,0.4988725781440735
10366976,55.3790283203125
10371072,0.7624334096908569
10375168,5.861654758453369
10379264,4.198122978210449
10383360,8.813876152038574
10387456,95.72258758544922
10391552,14.662449836730957
10395648,59.40755844116211
10399744,98.06099700927734
10403840,10.125399589538574
10407936,81.28780364990234
10412032,1.0987423658370972
10416128,3.882772445678711
10420224,5.657504081726074
10424320,5.689319610595703
10428416,129.67176818847656
10432512,0.4549804925918579
10436608,0.9293419122695923
10440704,32.98925018310547
10444800,66.66592407226562
10448896,4.9618635177612305
10452992,4.1775803565979
10457088,0.5250820517539978
10461184,104.11975860595703
10465280,105.76686096191406
10469376,140.92861938476562
10473472,453.1590576171875
10477568,88.38240814208984
10481664,121.87047576904297
10485760,164.74166870117188
10489856,127.21106719970703
10493952,151.6189727783203
10498048,57.930076599121094
10502144,10.5867919921875
10506240,57.80805969238281
10510336,16.837852478027344
10514432,4.147044658660889
10518528,384.6231689453125
10522624,212.67343139648438
10526720,32.05084991455078
10530816,0.8294382095336914
10534912,49.8909797668457
10539008,21.5433349609375
10543104,3.366091012954712
10547200,21.23099136352539
10551296,1.3185946941375732
10555392,1.2525084018707275
10559488,0.9025329947471619
10563584,52.96940612792969
10567680,1.991816520690918
10571776,48.6774787902832
10575872,110.2225570678711
10579968,2.984740734100342
10584064,1.0645477771759033
10588160,38.15431213378906
10592256,87.66170501708984
10596352,4.371524333953857
10600448,23.34720230102539
10604544,106.62545776367188
10608640,0.5990087985992432
10612736,0.8040666580200195
10616832,83.5694808959961
10620928,869.2313232421875
10625024,0.7767799496650696
10629120,60.201446533203125
10633216,26.703325271606445
10637312,57.77497482299805
10641408,81.15235900878906
10645504,6.260537624359131
10649600,49.41548538208008
10653696,71.5902099609375
10657792,67.84599304199219
10661888,311.6597595214844
10665984,96.17964172363281
10670080,9.864883422851562
10674176,114.84375762939453
10678272,115.6483383178711
10682368,0.8769721984863281
10686464,1.8296082019805908
10690560,0.3411058783531189
10694656,122.02228546142578
10698752,32.66493225097656
10702848,33.642181396484375
10706944,113.64106750488281
10711040,0.8711025714874268
10715136,110.12689971923828
10719232,0.8796189427375793
10723328,0.18211689591407776
10727424,0.5589776039123535
10731520,7.049249172210693
10735616,1.076645851135254
10739712,85.92359924316406
10743808,1.0834075212478638
10747904,5.479013919830322
10752000,116.70530700683594
10756096,3.4648549556732178
10760192,262.5175476074219
10764288,40.2824592590332
10768384,196.6973419189453
10772480,3.091843843460083
10776576,141.64129638671875
10780672,21.35295295715332
10784768,7.359836578369141
10788864,3.322279691696167
10792960,75.1839828491211
10797056,0.8195074796676636
10801152,36.2035026550293
10805248,5.185735702514648
10809344,202.2984161376953
10813440,76.43417358398438
10817536,49.717201232910156
10821632,87.56261444091797
10825728,0.30328428745269775
10829824,124.2059326171875
10833920,50.535640716552734
10838016,52.75040054321289
10842112,145.5327911376953
10846208,22.31912612915039
10850304,252.55169677734375
10854400,56.965538024902344
10858496,1.0098066329956055
10862592,108.05795288085938
10866688,96.4305419921875
10870784,12.099559783935547
10874880,172.01025390625
10878976,347.5277099609375
10883072,80.87462615966797
10887168,37.90834426879883
10891264,45.6103515625
10895360,49.75384521484375
10899456,23.92095947265625
10903552,179.45016479492188
10907648,0.8120793700218201
10911744,27.62154197692871
10915840,1.2946722507476807
10919936,3.542639970779419
10924032,334.5523681640625
10928128,20.240156173706055
10932224,9.45456314086914
10936320,23.130388259887695
10940416,112.13545227050781
10944512,181.6108856201172
10948608,12.112520217895508
10952704,5.36472225189209
10956800,152.84559631347656
10960896,1.2739968299865723
10964992,28.140457153320312
10969088,67.09774780273438
10973184,69.72087860107422
10977280,156.92266845703125
10981376,315.583251953125
10985472,7.5475568771362305
10989568,46.320030212402344
10993664,7.702540397644043
10997760,0.29608941078186035
11001856,6.972156047821045
11005952,122.98649597167969
11010048,1.8213998079299927
11014144,47.53846740722656
11018240,41.26933288574219
11022336,1.4462041854858398
11026432,8.993522644042969
11030528,19.574777603149414
11034624,45.105628967285156
11038720,268.8472900390625
11042816,10.188859939575195
11046912,253.02105712890625
11051008,79.2052001953125
11055104,2.5387160778045654
11059200,0.44235044717788696
11063296,2.9548659324645996
11067392,0.754033625125885
11071488,14.385699272155762
11075584,6.564791679382324
11079680,54.625457763671875
11083776,3.2697272300720215
11087872,0.42535728216171265
11091968,26.689430236816406
11096064,3.182009696960449
11100160,5.9961838722229
11104256,0.37307947874069214
11108352,2.959472417831421
11112448,3.420464038848877
11116544,4.522848129272461
11120640,47.55451965332031
11124736,23.72992515563965
11128832,2.0408921241760254
11132928,0.19683314859867096
11137024,8.643521308898926
11141120,155.87811279296875
11145216,1.0317100286483765
11149312,73.78861236572266
11153408,0.5931954979896545
11157504,33.699337005615234
11161600,134.732421875
11165696,149.12887573242188
11169792,0.5212410688400269
11173888,175.55218505859375
11177984,2.183523416519165
11182080,207.4944305419922
11186176,0.3545149564743042
11190272,0.4333683252334595
11194368,56.395992279052734
11198464,92.9731216430664
11202560,0.718224287033081
11206656,9.218709945678711
11210752,1.5379022359848022
11214848,15.377243041992188
11218944,28.08686065673828
11223040,34.678741455078125
11227136,127.36214447021484
11231232,12.37111759185791
11235328,11.692156791687012
11239424,20.2519474029541
11243520,5.253599643707275
11247616,284.45733642578125
11251712,84.97264099121094
11255808,0.8485183715820312
11259904,148.48199462890625
11264000,3.4440360069274902
11268096,2.752021074295044
11272192,3.6174681186676025
11276288,4.437775135040283
11280384,69.75010681152344
11284480,76.10588073730469
11288576,3.917015314102173
11292672,2.7715213298797607
11296768,13.8580322265625
11300864,6.5899882316589355
11304960,0.1836046427488327
11309056,55.48214340209961
11313152,0.5061509013175964
11317248,48.69272232055664
11321344,7.930144309997559
11325440,4.957510948181152
11329536,25.4216365814209
11333632,10.942591667175293
11337728,0.20325618982315063
11341824,59.68775177001953
11345920,6.076457977294922
11350016,0.24897077679634094
11354112,62.66080856323242
11358208,113.18671417236328
11362304,4.189292907714844
11366400,0.5340675711631775
11370496,46.39919662475586
11374592,90.68379974365234
11378688,76.02301025390625
11382784,36.10580062866211
11386880,18.279199600219727
11390976,0.4756499230861664
11395072,0.2348492592573166
11399168,116.51844787597656
11403264,0.39679065346717834
11407360,53.23734664916992
11411456,1.0777268409729004
11415552,73.71290588378906
11419648,0.22369082272052765
11423744,15.966486930847168
11427840,13.652948379516602
11431936,105.00377655029297
11436032,0.9048111438751221
11440128,5.791788101196289
11444224,0.561195969581604
11448320,90.44902801513672
11452416,29.607351303100586
11456512,62.469940185546875
11460608,114.8344955444336
11464704,59.16252899169922
11468800,9.301246643066406
11472896,303.68377685546875
11476992,3.217075824737549
11481088,114.71398162841797
11485184,0.8395373821258545
11489280,41.72486114501953
11493376,6.422764778137207
11497472,0.9616329669952393
11501568,161.18824768066406
11505664,117.02737426757812
11509760,42.49311065673828
11513856,117.20448303222656
11517952,89.93766784667969
11522048,56.25875473022461
11526144,0.6865983605384827
11530240,69.96174621582031
11534336,2.3761346340179443
11538432,73.10740661621094
11542528,152.487060546875
11546624,42.71852111816406
11550720,9.593710899353027
11554816,27.504253387451172
11558912,0.6950955390930176
11563008,0.5561248064041138
11567104,1.2022006511688232
11571200,0.6780727505683899
11575296,527.4571533203125
11579392,0.2976221442222595
11583488,1.6747205257415771
11587584,1.6446499824523926
11591680,61.4624137878418
11595776,149.5052947998047
11599872,181.13613891601562
11603968,0.9453915357589722
11608064,3.849234104156494
11612160,2.8270511627197266
11616256,143.3192596435547
11620352,6.122795104980469
11624448,6.446204662322998
11628544,55.642486572265625
11632640,88.04119873046875
11636736,89.63945770263672
11640832,213.602783203125
11644928,26.2115421295166
11649024,28.665964126586914
11653120,33.44001770019531
11657216,98.7416763305664
11661312,5.340151309967041
11665408,108.38330078125
11669504,26.845151901245117
11673600,8.060758590698242
11677696,14.570467948913574
11681792,529.001220703125
11685888,0.5979077816009521
11689984,14.275035858154297
11694080,54.667728424072266
11698176,30.23313331604004
11702272,49.43048095703125
11706368,4.636678218841553
11710464,156.22500610351562
11714560,66.8366470336914
11718656,3.3283796310424805
11722752,2.7864768505096436
11726848,73.2765884399414
11730944,4.247936725616455
11735040,4.852811336517334
11739136,5.039666652679443
11743232,0.38290131092071533
11747328,237.0957489013672
11751424,3.1454901695251465
11755520,3.861410140991211
11759616,335.55926513671875
11763712,0.9126583337783813
11767808,5.98370361328125
11771904,38.77799987792969
11776000,0.16588503122329712
11780096,5.918060302734375
11784192,23.917299270629883
11788288,2.3870327472686768
11792384,104.03865814208984
11796480,0.5720024108886719
11800576,19.160661697387695
11804672,19.218942642211914
11808768,192.4845428466797
11812864,127.99309539794922
11816960,104.01681518554688
11821056,165.13748168945312
11825152,87.57305908203125
11829248,11.412094116210938
11833344,297.0896911621094
11837440,197.6514434814453
11841536,71.86734771728516
11845632,72.38422393798828
11849728,79.43276977539062
11853824,0.3489695191383362
11857920,1.7399359941482544
11862016,116.63472747802734
11866112,20.119997024536133
11870208,0.4349114000797272
11874304,0.4202798306941986
11878400,79.67529296875
11882496,309.88916015625
11886592,74.42068481445312
11890688,3.161372184753418
11894784,1.2552769184112549
11898880,57.28225326538086
11902976,2.710686206817627
11907072,36.686927795410156
11911168,48.85944366455078
11915264,5.906506538391113
11919360,0.43393418192863464
11923456,0.9181523323059082
11927552,131.42864990234375
11931648,866.0430908203125
11935744,72.74310302734375
11939840,0.5495798587799072
11943936,45.974735260009766
11948032,3.3982770442962646
11952128,2.7129554748535156
11956224,96.13019561767578
11960320,1.1821973323822021
11964416,73.6161117553711
11968512,2.715545177459717
11972608,43.57295227050781
11976704,2.766010284423828
11980800,125.0876235961914
11984896,3.942333936691284
11988992,119.13910675048828
11993088,1.1445175409317017
11997184,13.092910766601562
12001280,143.896728515625
12005376,8.532981872558594
12009472,0.23788124322891235
12013568,2.662412405014038
12017664,132.77587890625
12021760,0.41470032930374146
12025856,0.39678484201431274
12029952,104.19530487060547
12034048,51.004268646240234
12038144,129.8759765625
12042240,4.216736793518066
12046336,0.6482832431793213
12050432,0.36230796575546265
12054528,393.03277587890625
12058624,2.6679842472076416
12062720,93.8272476196289
12066816,0.4769051969051361
12070912,0.3871431052684784
12075008,115.59107971191406
12079104,7.120789527893066
12083200,3.8649003505706787
12087296,47.206565856933594
12091392,3.2279460430145264
12095488,175.9656982421875
12099584,87.74147033691406
12103680,111.92715454101562
12107776,0.23038895428180695
12111872,4.43574333190918
12115968,4.1316704750061035
12120064,0.26086512207984924
12124160,47.978668212890625
12128256,7.988611698150635
12132352,7.666187286376953
12136448,0.4693506360054016
12140544,157.14205932617188
12144640,3.433166027069092
12148736,20.64192008972168
12152832,3.24717378616333
12156928,103.42107391357422
12161024,149.18978881835938
12165120,125.46672058105469
12169216,117.88517761230469
12173312,107.3734130859375
12177408,261.798583984375
12181504,0.2725851535797119
12185600,117.28202056884766
12189696,3.410761594772339
12193792,6.486683368682861
12197888,72.26013946533203
12201984,0.1369866132736206
12206080,0.4170845150947571
12210176,185.56716918945312
12214272,0.24665606021881104
12218368,3.081411838531494
12222464,1.7826192378997803
12226560,440.75921630859375
12230656,0.2957609295845032
12234752,0.17150771617889404
12238848,5.673123359680176
12242944,0.46092724800109863
12247040,39.491905212402344
12251136,4.805511951446533
12255232,66.1830825805664
12259328,0.20991551876068115
12263424,0.7752577662467957
12267520,0.2666041851043701
12271616,3.6360597610473633
12275712,39.31382751464844
12279808,95.96920776367188
12283904,0.2959652245044708
12288000,0.3057151138782501
12292096,248.45330810546875
12296192,19.778026580810547
12300288,0.5933787822723389
12304384,0.2988748550415039
12308480,2.085329532623291
12312576,0.47860926389694214
12316672,104.74604797363281
12320768,0.23284012079238892
12324864,0.3366304934024811
12328960,37.45943069458008
12333056,0.3992260694503784
12337152,0.49078309535980225
12341248,20.097394943237305
12345344,112.13414764404297
12349440,3.9030871391296387
12353536,18.972360610961914
12357632,5.307290077209473
12361728,0.256938636302948
12365824,6.501021385192871
12369920,0.6171165108680725
12374016,7.738676071166992
12378112,94.07317352294922
12382208,0.6775774359703064
12386304,101.90440368652344
12390400,0.32077765464782715
12394496,4.239403247833252
12398592,5.600008010864258
12402688,5.024062633514404
12406784,4.199644088745117
12410880,0.7074665427207947
12414976,4.16947078704834
12419072,259.8503723144531
12423168,73.71586608886719
12427264,9.499024391174316
12431360,8.615495681762695
12435456,0.2674444317817688
12439552,18.560693740844727
12443648,6.992058753967285
12447744,0.258792519569397
12451840,0.4980657696723938
12455936,0.6856663227081299
12460032,456.6664733886719
12464128,59.06517028808594
12468224,14.93598461151123
12472320,183.225830078125
12476416,21.522146224975586
12480512,88.82466125488281
12484608,174.56698608398438
12488704,0.36382079124450684
12492800,188.9162139892578
12496896,9.087371826171875
12500992,188.03396606445312
12505088,108.11084747314453
12509184,4.038018226623535
12513280,18.416677474975586
12517376,492.8706359863281
12521472,0.6180484294891357
12525568,118.6169662475586
12529664,0.5325201749801636
12533760,117.95474243164062
12537856,5.774899482727051
12541952,145.6550750732422
12546048,4.292293548583984
12550144,0.5490715503692627
12554240,7.935135364532471
12558336,80.16650390625
12562432,330.728759765625
12566528,0.27329665422439575
12570624,7.7093729972839355
12574720,22.13741683959961
12578816,179.01596069335938
12582912,38.48095703125
12587008,35.300743103027344
12591104,38.07124710083008
12595200,77.36436462402344
12599296,110.35155487060547
12603392,0.45593398809432983
12607488,24.88867950439453
12611584,23.252395629882812
12615680,123.20008850097656
12619776,0.534443736076355
12623872,116.36724853515625
12627968,9.287506103515625
12632064,11.901846885681152
12636160,0.7094203233718872
12640256,158.00631713867188
12644352,4.942361354827881
12648448,0.48320892453193665
12652544,0.5954272747039795
12656640,3.2927820682525635
12660736,0.789926290512085
12664832,3.776721477508545
12668928,31.219345092773438
12673024,113.07445526123047
12677120,63.6700325012207
12681216,1.3714679479599
12685312,0.3711293339729309
12689408,60.884315490722656
12693504,8.146449089050293
12697600,32.81487274169922
12701696,99.1361312866211
12705792,0.3485768139362335
12709888,299.3420715332031
12713984,5.359713554382324
12718080,128.4273223876953
12722176,78.1854019165039
12726272,1.304699182510376
12730368,0.2269778847694397
12734464,0.41325855255126953
12738560,10.25428581237793
12742656,0.2826610207557678
12746752,203.9868927001953
12750848,0.6366305947303772
12754944,6.945749759674072
12759040,121.48418426513672
12763136,90.806884765625
12767232,0.4701734185218811
12771328,6.982080936431885
12775424,3.1202516555786133
12779520,50.60271072387695
12783616,3.5203628540039062
12787712,0.4110115170478821
12791808,0.8474836349487305
12795904,0.7653570771217346
12800000,195.53359985351562
12804096,0.23179912567138672
12808192,0.33557450771331787
12812288,0.5435953140258789
12816384,3.656002998352051
12820480,2.1000306606292725
12824576,133.20620727539062
12828672,0.613427460193634
12832768,15.415823936462402
12836864,0.490328311920166
12840960,2.791378974914551
12845056,2.946784019470215
12849152,0.3239176869392395
12853248,0.5618250966072083
12857344,6.426982879638672
12861440,0.312301903963089
12865536,82.05679321289062
12869632,5.671133041381836
12873728,12.379413604736328
12877824,0.2903999984264374
12881920,0.4292526841163635
12886016,232.88424682617188
12890112,17.443845748901367
12894208,82.06580352783203
12898304,0.3252108693122864
12902400,2.981921672821045
12906496,0.17687419056892395
12910592,82.86402893066406
12914688,2.1868398189544678
12918784,7.922172546386719
12922880,0.18965402245521545
12926976,49.42265319824219
12931072,95.46019744873047
12935168,15.535934448242188
12939264,114.05307006835938
12943360,109.68515014648438
12947456,0.3313346207141876
12951552,139.58154296875
12955648,3.1823291778564453
12959744,0.4072776436805725
12963840,87.484619140625
12967936,0.23613707721233368
12972032,0.5928465723991394
12976128,113.76814270019531
12980224,5.554404258728027
12984320,110.26091003417969
12988416,91.35234069824219
12992512,170.5830841064453
12996608,100.55458068847656
13000704,10.645438194274902
13004800,63.927974700927734
13008896,29.196348190307617
13012992,0.6256427764892578
13017088,245.6400146484375
13021184,1.3089089393615723
13025280,152.85772705078125
13029376,5.206252098083496
13033472,25.753543853759766
13037568,0.4477710425853729
13041664,0.7122616171836853
13045760,0.42744359374046326
13049856,47.03303527832031
13053952,0.26841485500335693
13058048,0.3653932213783264
13062144,46.49977493286133
13066240,82.2705078125
13070336,0.5878649950027466
13074432,115.46232604980469
13078528,0.8415653705596924
13082624,0.4054037630558014
13086720,99.28214263916016
13090816,1.0915507078170776
13094912,0.36655375361442566
13099008,10.492242813110352
13103104,5.28868293762207
13107200,30.075435638427734
13111296,166.4461212158203
13115392,12.326594352722168
13119488,0.45333829522132874
13123584,205.6584930419922
13127680,197.543212890625
13131776,3.369199275970459
13135872,0.23665809631347656
13139968,3.570380687713623
13144064,4.1623125076293945
13148160,302.47930908203125
13152256,4.445532321929932
13156352,26.85495376586914
13160448,41.90925216674805
13164544,72.76995849609375
13168640,5.896657466888428
13172736,32.53171920776367
13176832,12.748669624328613
13180928,0.44131797552108765
13185024,88.9397201538086
13189120,4.809840202331543
13193216,1.5079606771469116
13197312,112.31434631347656
13201408,20.25733757019043
13205504,76.34432983398438
13209600,37.246726989746094
13213696,20.387319564819336
13217792,4.082772254943848
13221888,0.2872595191001892
13225984,14.193826675415039
13230080,133.12026977539062
13234176,5.6504621505737305
13238272,6.99439001083374
13242368,10.915094375610352
13246464,78.79511260986328
13250560,0.18060509860515594
13254656,98.81254577636719
13258752,7.703254699707031
13262848,1.378203272819519
13266944,2.5994482040405273
13271040,40.923072814941406
13275136,0.580602765083313
13279232,119.0644302368164
13283328,40.40425491333008
13287424,20.096405029296875
13291520,1.7307429313659668
13295616,103.95084381103516
13299712,18.929513931274414
13303808,0.4817177653312683
13307904,120.6388168334961
13312000,40.58586883544922
13316096,3.963301181793213
13320192,0.4308025538921356
13324288,5.758224010467529
13328384,0.6782637238502502
13332480,10.097810745239258
13336576,0.22985881567001343
13340672,118.5965805053711
13344768,3.1466453075408936
13348864,4.8812785148620605
13352960,2.8456788063049316
13357056,144.14981079101562
13361152,6.411499977111816
13365248,1.8472042083740234
13369344,126.20413208007812
13373440,20.971696853637695
13377536,53.3018913269043
13381632,7.196037769317627
13385728,115.24365234375
13389824,0.6805360317230225
13393920,0.29137206077575684
13398016,72.0296859741211
13402112,0.8053670525550842
13406208,0.641793429851532
13410304,11.975519180297852
13414400,0.5299288034439087
13418496,626.7654418945312
13422592,143.90777587890625
13426688,112.08274841308594
13430784,183.27944946289062
13434880,29.854856491088867
13438976,27.234098434448242
13443072,6.638825416564941
13447168,2.853506088256836
13451264,99.6003189086914
13455360,8.61450481414795
13459456,4.259070873260498
13463552,90.78289031982422
13467648,4.758145809173584
13471744,1.8946361541748047
13475840,94.79156494140625
13479936,0.5926027297973633
13484032,0.532715916633606
13488128,0.3387671709060669
13492224,1.1584408283233643
13496320,8.718437194824219
13500416,9.999588012695312
13504512,0.836357831954956
13508608,107.95639038085938
13512704,16.79977035522461
13516800,37.12870788574219
13520896,0.28941941261291504
13524992,5.289133071899414
13529088,0.37047332525253296
13533184,84.10123443603516
13537280,70.2105941772461
13541376,39.85348129272461
13545472,412.6510314941406
13549568,174.66741943359375
13553664,169.52806091308594
13557760,6.522251129150391
13561856,112.4410400390625
13565952,19.991533279418945
13570048,132.48696899414062
13574144,102.36075592041016
13578240,111.11944580078125
13582336,6.591514587402344
13586432,0.2016594558954239
13590528,224.26861572265625
13594624,13.76651668548584
13598720,4.023128509521484
13602816,7.289098262786865
13606912,230.06076049804688
13611008,109.0916748046875
13615104,115.20407104492188
13619200,59.70462417602539
13623296,4.015626907348633
13627392,83.21019744873047
13631488,30.722307205200195
13635584,0.3729185461997986
13639680,230.8443603515625
13643776,91.6788330078125
13647872,38.35752487182617
13651968,0.6705154180526733
13656064,0.6145821809768677
13660160,0.4739822745323181
13664256,125.63737487792969
13668352,140.02838134765625
13672448,17.638120651245117
13676544,1.324473261833191
13680640,0.4186209738254547
13684736,32.08905029296875
13688832,38.10132598876953
13692928,2.313842535018921
13697024,115.34309387207031
13701120,104.84674835205078
13705216,0.3448464274406433
13709312,0.7735716104507446
13713408,46.64288330078125
13717504,96.9679946899414
13721600,11.521675109863281
13725696,0.48824501037597656
13729792,1.8400437831878662
13733888,3.1244263648986816
13737984,107.68692779541016
13742080,101.65373229980469
13746176,60.4550895690918
13750272,18.489078521728516
13754368,1.3552453517913818
13758464,12.81503677368164
13762560,4.047360420227051
13766656,0.6330766677856445
13770752,0.21162688732147217
13774848,222.12307739257812
13778944,87.83576965332031
13783040,1.7141402959823608
13787136,4.217413425445557
13791232,0.2608751058578491
13795328,40.021888732910156
13799424,35.02831268310547
13803520,86.28998565673828
13807616,114.2066421508789
13811712,5.2916483879089355
13815808,96.5971908569336
13819904,23.16625213623047
13824000,47.51268768310547
13828096,20.56475830078125
13832192,219.95672607421875
13836288,4.246042251586914
13840384,18.246849060058594
13844480,3.945467948913574
13848576,0.6104649305343628
13852672,1.5636184215545654
13856768,0.3462797999382019
13860864,0.40604251623153687
13864960,5.074349403381348
13869056,4.344279766082764
13873152,45.53543472290039
13877248,81.48596954345703
13881344,0.7167266011238098
13885440,2.776280641555786
13889536,31.079608917236328
13893632,4.828930377960205
13897728,11.284829139709473
13901824,111.64142608642578
13905920,0.6652239561080933
13910016,0.5324456691741943
13914112,41.338619232177734
13918208,100.09683227539062
13922304,18.914098739624023
13926400,125.14219665527344
13930496,4.3722243309021
13934592,0.3713900148868561
13938688,0.168630912899971
13942784,36.93974685668945
13946880,2.417555809020996
13950976,64.54817962646484
13955072,0.39233022928237915
13959168,112.7739486694336
13963264,119.84349822998047
13967360,0.17913182079792023
13971456,1.435451626777649
13975552,354.9156494140625
13979648,12.146306037902832
13983744,0.6579364538192749
13987840,59.63481903076172
13991936,8.239128112792969
13996032,115.17670440673828
14000128,0.4029788374900818
14004224,17.929914474487305
14008320,129.85646057128906
14012416,22.967397689819336
14016512,6.465126991271973
14020608,9.05086612701416
14024704,0.380118727684021
14028800,0.10390658676624298
14032896,1.8803192377090454
14036992,1.4278563261032104
14041088,34.24980163574219
14045184,15.960762977600098
14049280,0.13179844617843628
14053376,32.90380096435547
14057472,44.67513656616211
14061568,17.534040451049805
14065664,0.9328864812850952
14069760,7.280450820922852
14073856,0.35933756828308105
14077952,1.9364160299301147
14082048,39.19883728027344
14086144,130.5701446533203
14090240,10.12268352508545
14094336,1.7080320119857788
14098432,180.6619110107422
14102528,12.488189697265625
14106624,6.155996799468994
14110720,1.1691312789916992
14114816,6.9686408042907715
14118912,2.6828525066375732
14123008,0.9635032415390015
14127104,116.70285034179688
14131200,256.194580078125
14135296,159.2348175048828
14139392,0.7425804138183594
14143488,5.059919834136963
14147584,0.32938310503959656
14151680,95.05110168457031
14155776,121.39324188232422
14159872,108.13682556152344
14163968,17.795551300048828
14168064,0.5952527523040771
14172160,33.56267547607422
14176256,1.2334399223327637
14180352,5.497569561004639
14184448,0.4407990872859955
14188544,70.6709976196289
14192640,4.441229820251465
14196736,0.33872589468955994
14200832,89.66210174560547
14204928,0.5515599250793457
14209024,110.6822280883789
14213120,10.958785057067871
14217216,97.80683135986328
14221312,12.649837493896484
14225408,0.3958592414855957
14229504,6.333548545837402
14233600,0.6334980130195618
14237696,76.3480224609375
14241792,0.25653788447380066
14245888,10.705099105834961
14249984,208.71124267578125
14254080,4.417908668518066
14258176,0.3619919419288635
14262272,1.1625769138336182
14266368,135.80760192871094
14270464,5.274267673492432
14274560,8.314831733703613
14278656,74.15583038330078
14282752,0.471524178981781
14286848,0.7026787996292114
14290944,48.812774658203125
14295040,0.5735466480255127
14299136,13.02577018737793
14303232,0.45277315378189087
14307328,67.70591735839844
14311424,1.646327257156372
14315520,5.762248516082764
14319616,10.760939598083496
14323712,0.622481107711792
14327808,1.9815082550048828
14331904,1.8034324645996094
14336000,92.07518768310547
14340096,0.5406937003135681
14344192,5.6547651290893555
14348288,0.5458679795265198
14352384,3.527642011642456
14356480,80.66166687011719
14360576,1.2116570472717285
14364672,220.67303466796875
14368768,59.358055114746094
14372864,42.308406829833984
14376960,0.414768248796463
14381056,108.5101089477539
14385152,2.6336960792541504
14389248,3.397676706314087
14393344,87.76262664794922
14397440,12.042651176452637
14401536,82.1017837524414
14405632,2.8092567920684814
14409728,9.337550163269043
14413824,1.6721235513687134
14417920,143.76516723632812
14422016,41.51040267944336
14426112,213.72402954101562
14430208,0.5295290946960449
14434304,0.7887200117111206
14438400,182.67800903320312
14442496,10.121089935302734
14446592,1.115128993988037
14450688,161.00624084472656
14454784,2.5526154041290283
14458880,0.21000006794929504
14462976,8.790651321411133
14467072,2.7724406719207764
14471168,2.661118507385254
14475264,92.61328125
14479360,137.2494659423828
14483456,0.5262255668640137
14487552,13.439840316772461
14491648,5.074028968811035
14495744,69.17443084716797
14499840,0.26072967052459717
14503936,95.6518783569336
14508032,9.028206825256348
14512128,3.3309993743896484
14516224,7.569897651672363
14520320,6.004171371459961
14524416,2.4958484172821045
14528512,15.146549224853516
14532608,3.880607843399048
14536704,7.272069454193115
14540800,81.32056427001953
14544896,242.69847106933594
14548992,0.9798465967178345
14553088,0.23504924774169922
14557184,5.663975715637207
14561280,20.30765151977539
14565376,3.3085110187530518
14569472,75.09954071044922
14573568,0.3323913812637329
14577664,7.210496425628662
14581760,3.151639461517334
14585856,86.37017822265625
14589952,0.6870174407958984
14594048,66.32759094238281
14598144,4.669208526611328
14602240,140.12762451171875
14606336,31.365032196044922
14610432,0.6310532093048096
14614528,0.5780605673789978
14618624,107.68457794189453
14622720,0.5467917919158936
14626816,88.44024658203125
14630912,78.26117706298828
14635008,0.7763353586196899
14639104,6.033254146575928
14643200,6.024897575378418
14647296,5.856688976287842
14651392,228.0861053466797
14655488,9.457995414733887
14659584,133.01535034179688
14663680,5.379827499389648
14667776,0.31521862745285034
14671872,82.5333023071289
14675968,0.32277804613113403
14680064,0.6720137000083923
14684160,5.5698418617248535
14688256,0.22923576831817627
14692352,50.32097244262695
14696448,213.77423095703125
14700544,38.3814697265625
14704640,0.35342609882354736
14708736,79.10128784179688
14712832,111.27593994140625
14716928,0.30968669056892395
14721024,0.3779991865158081
14725120,0.5549212098121643
14729216,143.02325439453125
14733312,4.637903690338135
14737408,0.19755369424819946
14741504,42.69536209106445
14745600,6.030399322509766
14749696,64.94530487060547
14753792,9.620044708251953
14757888,76.33448791503906
14761984,46.82823181152344
14766080,55.47127914428711
14770176,2.331146001815796
14774272,0.32241618633270264
14778368,38.519962310791016
14782464,137.05178833007812
14786560,101.04763793945312
14790656,94.00942993164062
14794752,120.66183471679688
14798848,14.142905235290527
14802944,24.942758560180664
14807040,7.373002529144287
14811136,0.31914860010147095
14815232,3.863283157348633
14819328,63.64215850830078
14823424,45.109153747558594
14827520,6.999940395355225
14831616,108.35655975341797
14835712,175.485107421875
14839808,12.602628707885742
14843904,24.643627166748047
14848000,189.15029907226562
14852096,283.435791015625
14856192,2.1665570735931396
14860288,0.18808455765247345
14864384,211.77239990234375
14868480,11.730283737182617
14872576,4.570756912231445
14876672,225.61318969726562
14880768,116.22649383544922
14884864,2.160099983215332
14888960,158.21572875976562
14893056,0.4425589442253113
14897152,0.6015279293060303
14901248,18.550731658935547
14905344,0.31172049045562744
14909440,108.00993347167969
14913536,5.190687656402588
14917632,14.82349967956543
14921728,0.5012156367301941
14925824,142.23196411132812
14929920,25.575477600097656
14934016,0.2718159556388855
14938112,0.7785113453865051
14942208,19.413406372070312
14946304,7.8314642906188965
14950400,137.88577270507812
14954496,270.3704833984375
14958592,0.38160836696624756
14962688,0.741451621055603
14966784,0.342185378074646
14970880,108.8724365234375
14974976,0.7053865194320679
14979072,3.8401272296905518
14983168,0.3850400447845459
14987264,4.383318901062012
14991360,105.32854461669922
14995456,17.339723587036133
14999552,105.45785522460938
